dataDesc:	class
0		10	0;0	0	0;492	82;1	11	31	36
1		10	0;255	0	0;530	265;0	2	4	6	7	8	9	10	11	13	15	16	19	20	21	22	23	24	25	27	28	29	30	31	32	36	37	38	39
2		10	0;255	0	0;232	430;1	4	11	16	20	23	36	39
3		10	0;255	0	0;553	412;6	9
4		10	0;0	0	0;532	283;1	2	6	7	8	9	10	11	12	13	15	16	17	19	20	21	23	25	27	28	29	31	32	33	34	35	36	37	38	39
5		10	0;0	0	0;536	98;31	36
6		10	0;0	0	0;525	298;1	3	4	9	10	11	12	13	17	18	19	20	23	25	28	29	31	32	33	34	35	36	38	39
7		10	0;0	0	0;203	489;1	4	8	11	15	20	21	27	36	37
8		10	0;0	0	0;162	506;1	4	7	11	15	20	21	27	36	37
9		10	0;0	0	0;514	311;1	3	4	6	10	11	12	13	17	18	19	20	23	25	28	29	31	32	33	34	35	36	38	39
10		10	0;0	0	0;500	320;1	4	6	9	11	13	19	20	25	28	29	31	32	36	38
11		10	0;0	0	0;484	325;0	1	2	4	6	7	8	9	10	13	15	16	19	20	21	22	23	24	25	27	28	29	30	31	32	36	37	38	39
12		10	0;0	0	0;468	325;4	6	9	13	19	23	28	31	33	34	35	39
13		10	0;0	0	0;452	320;1	4	6	9	10	11	12	17	19	20	23	25	28	29	31	32	33	34	35	36	38	39
14		10	0;0	0	0;341	78;31
15		10	0;0	0	0;121	489;1	4	7	8	11	20	21	27	36	37
16		10	0;0	0	0;104	448;1	2	4	11	20	23	36	39
17		10	0;0	0	0;473	438;4	6	9	13	19	28	31
18		10	0;0	0	0;511	425;6	9
19		10	0;0	0	0;438	311;1	4	6	9	10	11	12	13	17	20	23	25	28	29	31	32	33	34	35	36	38	39
20		10	0;0	0	0;427	298;1	2	4	6	7	8	9	10	11	13	15	16	19	21	23	25	27	28	29	31	32	36	37	38	39
21		10	0;0	0	0;121	407;1	4	7	8	11	15	20	27	36	37
22		10	0;0	0	0;433	83;1	11	31	36
23		10	0;0	0	0;420	283;1	2	4	6	9	11	12	13	16	19	20	28	31	33	34	35	36	39
24		10	0;0	0	0;557	279;1	11	30	36
25		10	0;0	0	0;418	267;1	4	6	9	10	11	13	19	20	28	29	31	32	36	38
26		10	0;0	0	0;286	102;31	35
27		10	0;0	0	0;162	390;1	4	7	8	11	15	20	21	36	37
28		10	0;0	0	0;420	250;1	4	6	9	10	11	12	13	17	19	20	23	25	29	31	32	33	34	35	36	38	39
29		10	0;0	0	0;427	235;1	4	6	9	10	11	13	19	20	25	28	31	32	36	38
30		10	0;0	0	0;564	194;1	11	24	36
31		10	0;0	0	0;438	223;0	1	4	5	6	9	10	11	12	13	14	17	19	20	22	23	25	26	28	29	32	33	34	35	36	38	39
32		10	0;0	0	0;452	214;1	4	6	9	10	11	13	19	20	25	28	29	31	36	38
33		10	0;0	0	0;468	209;4	6	9	12	13	19	23	28	31	34	35	39
34		10	0;0	0	0;484	209;4	6	9	12	13	19	23	28	31	33	35	39
35		10	0;0	0	0;500	214;4	6	9	12	13	19	23	26	28	31	33	34	36	39
36		10	0;0	0	0;514	223;0	1	2	4	5	6	7	8	9	10	11	13	15	16	19	20	21	22	23	24	25	27	28	29	30	31	32	35	37	38	39
37		10	0;0	0	0;203	407;1	4	7	8	11	15	20	21	27	36
38		10	0;0	0	0;525	235;1	4	6	9	10	11	13	19	20	25	28	29	31	32	36
39		10	0;0	0	0;532	250;1	2	4	6	9	11	12	13	16	19	20	23	28	31	33	34	35	36
