1 11 31 36
0 2 4 6 7 8 9 10 11 13 15 16 19 20 21 22 23 24 25 27 28 29 30 31 32 36 37 38 39
1 4 11 16 20 23 36 39
6 9
1 2 6 7 8 9 10 11 12 13 15 16 17 19 20 21 23 25 27 28 29 31 32 33 34 35 36 37 38 39
31 36
1 3 4 9 10 11 12 13 17 18 19 20 23 25 28 29 31 32 33 34 35 36 38 39
1 4 8 11 15 20 21 27 36 37
1 4 7 11 15 20 21 27 36 37
1 3 4 6 10 11 12 13 17 18 19 20 23 25 28 29 31 32 33 34 35 36 38 39
1 4 6 9 11 13 19 20 25 28 29 31 32 36 38
0 1 2 4 6 7 8 9 10 13 15 16 19 20 21 22 23 24 25 27 28 29 30 31 32 36 37 38 39
4 6 9 13 19 23 28 31 33 34 35 39
1 4 6 9 10 11 12 17 19 20 23 25 28 29 31 32 33 34 35 36 38 39
31
1 4 7 8 11 20 21 27 36 37
1 2 4 11 20 23 36 39
4 6 9 13 19 28 31
6 9
1 4 6 9 10 11 12 13 17 20 23 25 28 29 31 32 33 34 35 36 38 39
1 2 4 6 7 8 9 10 11 13 15 16 19 21 23 25 27 28 29 31 32 36 37 38 39
1 4 7 8 11 15 20 27 36 37
1 11 31 36
1 2 4 6 9 11 12 13 16 19 20 28 31 33 34 35 36 39
1 11 30 36
1 4 6 9 10 11 13 19 20 28 29 31 32 36 38
31 35
1 4 7 8 11 15 20 21 36 37
1 4 6 9 10 11 12 13 17 19 20 23 25 29 31 32 33 34 35 36 38 39
1 4 6 9 10 11 13 19 20 25 28 31 32 36 38
1 11 24 36
0 1 4 5 6 9 10 11 12 13 14 17 19 20 22 23 25 26 28 29 32 33 34 35 36 38 39
1 4 6 9 10 11 13 19 20 25 28 29 31 36 38
4 6 9 12 13 19 23 28 31 34 35 39
4 6 9 12 13 19 23 28 31 33 35 39
4 6 9 12 13 19 23 26 28 31 33 34 36 39
0 1 2 4 5 6 7 8 9 10 11 13 15 16 19 20 21 22 23 24 25 27 28 29 30 31 32 35 37 38 39
1 4 7 8 11 15 20 21 27 36
1 4 6 9 10 11 13 19 20 25 28 29 31 32 36
1 2 4 6 9 11 12 13 16 19 20 23 28 31 33 34 35 36
