Adams.John 1 11 31 36
Adams.Samuel 0 2 4 6 7 8 9 10 11 13 15 16 19 20 21 22 23 24 25 27 28 29 30 31 32 36 37 38 39
Appleton.Nathaniel 1 4 11 16 20 23 36 39
Avery.John 6 9
Barber.Nathaniel 1 2 6 7 8 9 10 11 12 13 15 16 17 19 20 21 23 25 27 28 29 31 32 33 34 35 36 37 38 39
Barrett.Samuel 31 36
Bass.Henry 1 3 4 9 10 11 12 13 17 18 19 20 23 25 28 29 31 32 33 34 35 36 38 39
Boynton.Richard 1 4 8 11 15 20 21 27 36 37
Bradford.John 1 4 7 11 15 20 21 27 36 37
Chase.Thomas 1 3 4 6 10 11 12 13 17 18 19 20 23 25 28 29 31 32 33 34 35 36 38 39
ekiel 1 4 6 9 11 13 19 20 25 28 29 31 32 36 38
Church.Benjamin 0 1 2 4 6 7 8 9 10 13 15 16 19 20 21 22 23 24 25 27 28 29 30 31 32 36 37 38 39
Collson.Adam 4 6 9 13 19 23 28 31 33 34 35 39
Condy.JamesFoster 1 4 6 9 10 11 12 17 19 20 23 25 28 29 31 32 33 34 35 36 38 39
Cooper.Samuel 31
Davis.Caleb 1 4 7 8 11 20 21 27 36 37
Dennie.William 1 2 4 11 20 23 36 39
Eayres.Joseph 4 6 9 13 19 28 31
Edes.Benjamin 6 9
Grant.Moses 1 4 6 9 10 11 12 13 17 20 23 25 28 29 31 32 33 34 35 36 38 39
Greenleaf.Joseph 1 2 4 6 7 8 9 10 11 13 15 16 19 21 23 25 27 28 29 31 32 36 37 38 39
Greenleaf.William 1 4 7 8 11 15 20 27 36 37
Hancock.John 1 11 31 36
Molineux.William 1 2 4 6 9 11 12 13 16 19 20 28 31 33 34 35 36 39
Otis.James 1 11 30 36
Parkman.Elias 1 4 6 9 10 11 13 19 20 28 29 31 32 36 38
Peck.Samuel 31 35
Powell.William 1 4 7 8 11 15 20 21 36 37
Proctor.Edward 1 4 6 9 10 11 12 13 17 19 20 23 25 29 31 32 33 34 35 36 38 39
Pulling.John 1 4 6 9 10 11 13 19 20 25 28 31 32 36 38
Quincy.Josiah 1 11 24 36
Revere.Paul 0 1 4 5 6 9 10 11 12 13 14 17 19 20 22 23 25 26 28 29 32 33 34 35 36 38 39
Ruddock.Abiel 1 4 6 9 10 11 13 19 20 25 28 29 31 36 38
Story.Elisha 4 6 9 12 13 19 23 28 31 34 35 39
Swan.James 4 6 9 12 13 19 23 28 31 33 35 39
Urann.Thomas 4 6 9 12 13 19 23 26 28 31 33 34 36 39
Warren.Joseph 0 1 2 4 5 6 7 8 9 10 11 13 15 16 19 20 21 22 23 24 25 27 28 29 30 31 32 35 37 38 39
Wendell.Oliver 1 4 7 8 11 15 20 21 27 36
Winthrop.John 1 4 6 9 10 11 13 19 20 25 28 29 31 32 36
Young.Thomas 1 2 4 6 9 11 12 13 16 19 20 23 28 31 33 34 35 36
