dataDesc:	class
0	Adams.John	10	0;0	255	0;288	498;1	11	31	36
1	Adams.Samuel	10	0;0	255	0;74	289;0	2	4	6	7	8	9	10	11	13	15	16	19	20	21	22	23	24	25	27	28	29	30	31	32	36	37	38	39
2	Appleton.Nathaniel	10	0;0	255	0;357	263;1	4	11	16	20	23	36	39
3	Avery.John	10	0;0	255	0;463	201;6	9
4	Barber.Nathaniel	10	0;0	255	0;541	289;1	2	6	7	8	9	10	11	12	13	15	16	17	19	20	21	23	25	27	28	29	31	32	33	34	35	36	37	38	39
5	Barrett.Samuel	10	0;0	255	0;236	11;31	36
6	Bass.Henry	10	0;0	255	0;165	142;1	3	4	9	10	11	12	13	17	18	19	20	23	25	28	29	31	32	33	34	35	36	38	39
7	Boynton.Richard	10	0;0	255	0;30	351;1	4	8	11	15	20	21	27	36	37
8	Bradford.John	10	0;0	255	0;318	174;1	4	7	11	15	20	21	27	36	37
9	Chase.Thomas	10	0;0	255	0;152	28;1	3	4	6	10	11	12	13	17	18	19	20	23	25	28	29	31	32	33	34	35	36	38	39
10	ekiel	10	0;0	255	0;220	306;1	4	6	9	11	13	19	20	25	28	29	31	32	36	38
11	Church.Benjamin	10	0;0	255	0;492	430;0	1	2	4	6	7	8	9	10	13	15	16	19	20	21	22	23	24	25	27	28	29	30	31	32	36	37	38	39
12	Collson.Adam	10	0;0	255	0;118	345;4	6	9	13	19	23	28	31	33	34	35	39
13	Condy.JamesFoster	10	0;0	255	0;130	250;1	4	6	9	10	11	12	17	19	20	23	25	28	29	31	32	33	34	35	36	38	39
14	Cooper.Samuel	10	0;0	255	0;333	166;31
15	Davis.Caleb	10	0;0	255	0;207	255;1	4	7	8	11	20	21	27	36	37
16	Dennie.William	10	0;0	255	0;331	43;1	2	4	11	20	23	36	39
17	Eayres.Joseph	10	0;0	255	0;20	27;4	6	9	13	19	28	31
18	Edes.Benjamin	10	0;0	255	0;412	109;6	9
19	Grant.Moses	10	0;0	255	0;166	183;1	4	6	9	10	11	12	13	17	20	23	25	28	29	31	32	33	34	35	36	38	39
20	Greenleaf.Joseph	10	0;0	255	0;520	200;1	2	4	6	7	8	9	10	11	13	15	16	19	21	23	25	27	28	29	31	32	36	37	38	39
21	Greenleaf.William	10	0;0	255	0;371	438;1	4	7	8	11	15	20	27	36	37
22	Hancock.John	10	0;0	255	0;350	332;1	11	31	36
23	Molineux.William	10	0;0	255	0;116	302;1	2	4	6	9	11	12	13	16	19	20	28	31	33	34	35	36	39
24	Otis.James	10	0;0	255	0;279	245;1	11	30	36
25	Parkman.Elias	10	0;0	255	0;49	179;1	4	6	9	10	11	13	19	20	28	29	31	32	36	38
26	Peck.Samuel	10	0;0	255	0;363	168;31	35
27	Powell.William	10	0;0	255	0;349	267;1	4	7	8	11	15	20	21	36	37
28	Proctor.Edward	10	0;0	255	0;304	116;1	4	6	9	10	11	12	13	17	19	20	23	25	29	31	32	33	34	35	36	38	39
29	Pulling.John	10	0;0	255	0;449	273;1	4	6	9	10	11	13	19	20	25	28	31	32	36	38
30	Quincy.Josiah	10	0;0	255	0;490	206;1	11	24	36
31	Revere.Paul	10	0;0	255	0;449	173;0	1	4	5	6	9	10	11	12	13	14	17	19	20	22	23	25	26	28	29	32	33	34	35	36	38	39
32	Ruddock.Abiel	10	0;0	255	0;174	464;1	4	6	9	10	11	13	19	20	25	28	29	31	36	38
33	Story.Elisha	10	0;0	255	0;222	410;4	6	9	12	13	19	23	28	31	34	35	39
34	Swan.James	10	0;0	255	0;396	241;4	6	9	12	13	19	23	28	31	33	35	39
35	Urann.Thomas	10	0;0	255	0;202	241;4	6	9	12	13	19	23	26	28	31	33	34	36	39
36	Warren.Joseph	10	0;0	255	0;365	247;0	1	2	4	5	6	7	8	9	10	11	13	15	16	19	20	21	22	23	24	25	27	28	29	30	31	32	35	37	38	39
37	Wendell.Oliver	10	0;0	255	0;119	220;1	4	7	8	11	15	20	21	27	36
38	Winthrop.John	10	0;0	255	0;207	64;1	4	6	9	10	11	13	19	20	25	28	29	31	32	36
39	Young.Thomas	10	0;0	255	0;551	0;1	2	4	6	9	11	12	13	16	19	20	23	28	31	33	34	35	36
