dataDesc:	class
0	Adams.John	10	0;0	0	0;546	272;1	2	3	9	10	13	16	27	38	43	44	45	46	47	49	50	57	58	59	60	67	68	70	76	77	83	92	95	101	104	108	111	114	130	131	133	135	140	150	154	156	160	166	169	171	174	175	177	180	193	194	197	199	202	207	209	221	222	223	224	226	227	229	231	232	235	241	250	251	253
1	Adams.Samuel	10	0;0	255	0;207	273;0	2	3	5	6	7	8	9	10	12	13	16	18	19	20	21	27	29	30	31	33	34	38	43	44	45	46	47	49	50	57	58	59	60	63	64	66	67	68	70	74	76	77	83	84	88	92	95	96	97	100	101	104	106	108	111	113	114	123	124	126	129	130	131	133	135	140	142	147	148	149	150	154	156	160	164	166	169	171	172	174	175	177	180	181	183	184	186	189	192	193	194	197	199	201	202	207	209	221	222	223	224	225	226	227	229	231	232	233	234	235	239	241	243	244	246	250	251	253
2	Allen.Dr	10	0;0	0	0;545	282;0	1	3	9	10	13	16	27	38	43	44	45	46	47	49	50	57	58	68	76	77	92	95	104	108	111	114	130	131	133	140	150	154	156	160	169	171	174	175	177	193	194	199	202	207	209	221	222	223	224	226	227	229	232	235	241	251	253
3	Appleton.Nathaniel	10	0;0	0	0;542	292;0	1	2	9	10	13	16	19	21	27	38	43	44	45	46	47	49	50	57	58	63	68	76	77	92	95	96	104	106	108	111	114	130	131	133	140	142	150	154	156	160	166	169	171	174	175	177	183	189	193	194	197	199	202	207	209	221	222	223	224	225	226	227	229	232	235	239	241	251	253
4	Ash.Gilbert	10	0;255	0	0;387	398;12	14	15	26	32	36	37	40	41	48	56	61	69	72	80	82	90	91	93	98	107	110	122	125	127	128	132	137	145	146	152	155	157	163	165	167	176	179	188	195	199	206	212	217	228	232	235	236	237	238	242	249
5	Austin.Benjamin	10	0;0	255	0;115	424;1	6	7	8	10	12	13	18	19	20	21	29	30	31	33	34	46	47	50	58	63	64	66	74	84	88	92	95	96	97	100	101	113	123	124	126	129	147	148	149	164	171	172	181	184	186	189	192	193	194	199	201	202	233	234	235	239	243	244	246	251
6	Austin.Samuel	10	0;0	255	0;119	419;1	5	7	8	10	12	13	18	19	20	21	29	30	31	33	34	46	47	50	58	63	64	66	74	84	88	92	95	96	97	100	101	113	123	124	126	129	147	148	149	164	171	172	181	184	186	189	192	193	194	199	201	202	233	234	235	239	243	244	246	251
7	Avery.John	10	0;0	255	0;124	414;1	5	6	8	10	12	13	18	19	20	21	29	30	31	33	34	46	47	50	52	58	61	63	64	66	74	76	81	84	88	92	95	96	97	100	101	113	123	124	126	129	147	148	149	164	171	172	181	184	186	189	192	193	194	199	201	202	213	230	233	234	235	238	239	243	244	246	251
8	Baldwin.Cyrus	10	0;0	255	0;130	409;1	5	6	7	10	12	13	18	19	20	21	29	30	31	33	34	46	47	50	58	63	64	66	74	84	88	92	95	96	97	100	101	113	123	124	126	129	147	148	149	164	171	172	181	184	186	189	192	193	194	199	201	202	233	234	235	239	243	244	246	251
9	Ballard.John	10	0;0	0	0;538	301;0	1	2	3	10	13	16	27	38	43	44	45	46	47	49	50	57	58	68	76	77	92	95	104	108	111	114	130	131	133	140	150	154	156	160	169	171	174	175	177	193	194	199	202	207	209	221	222	223	224	226	227	229	232	235	241	251	253
10	Barber.Nathaniel	10	0;255	255	0;5	297;0	1	2	3	5	6	7	8	9	11	12	13	16	17	18	19	20	21	22	23	24	25	27	28	29	30	31	33	34	35	38	39	42	43	44	45	46	47	49	50	51	53	54	55	57	58	59	62	63	64	65	66	68	71	73	74	75	76	77	78	79	84	85	86	87	88	89	92	94	95	96	97	99	100	101	102	103	104	105	106	108	109	111	112	113	114	115	116	117	118	119	120	121	123	124	126	129	130	131	133	134	136	138	139	140	141	142	143	144	147	148	149	150	151	153	154	156	158	159	160	161	162	164	166	168	169	170	171	172	173	174	175	176	177	178	181	182	183	184	185	186	187	189	190	191	192	193	194	196	197	198	199	200	201	202	203	204	205	207	208	209	210	211	214	215	216	218	219	220	221	222	223	224	225	226	227	229	232	233	234	235	239	240	241	243	244	245	246	247	248	251	252	253
11	Barnard.Samuel	10	0;255	255	0;3	293;10	13	17	22	23	24	25	28	35	39	42	46	51	53	54	55	57	58	59	62	65	71	73	74	75	78	79	85	86	87	89	92	94	99	102	103	105	109	112	115	116	117	118	119	120	121	134	136	138	139	141	143	144	151	153	156	158	159	161	162	168	170	173	176	178	182	185	187	190	191	193	196	198	199	200	203	204	205	208	210	211	214	215	216	218	219	220	223	224	232	240	245	247	248	252	253
12	Barrett.Samuel	10	0;0	255	0;135	405;1	4	5	6	7	8	10	13	14	15	18	19	20	21	26	29	30	31	32	33	34	36	37	40	41	46	47	48	50	56	58	61	63	64	66	69	72	74	80	82	84	88	90	91	92	93	95	96	97	98	100	101	107	110	113	122	123	124	125	126	127	128	129	132	137	145	146	147	148	149	152	155	157	163	164	165	167	171	172	176	179	181	184	186	188	189	192	193	194	195	199	201	202	206	212	217	228	232	233	234	235	236	237	238	239	242	243	244	246	249	251
13	Bass.Henry	10	0;255	255	0;2	289;0	1	2	3	5	6	7	8	9	10	11	12	16	17	18	19	20	21	22	23	24	25	27	28	29	30	31	33	34	35	38	39	42	43	44	45	46	47	49	50	51	52	53	54	55	57	58	59	61	62	63	64	65	66	68	71	73	74	75	76	77	78	79	81	84	85	86	87	88	89	92	94	95	96	97	99	100	101	102	103	104	105	108	109	111	112	113	114	115	116	117	118	119	120	121	123	124	126	129	130	131	133	134	136	138	139	140	141	143	144	147	148	149	150	151	153	154	156	158	159	160	161	162	164	168	169	170	171	172	173	174	175	176	177	178	181	182	184	185	186	187	189	190	191	192	193	194	196	198	199	200	201	202	203	204	205	207	208	209	210	211	213	214	215	216	218	219	220	221	222	223	224	226	227	229	230	232	233	234	235	238	239	240	241	243	244	245	246	247	248	251	252	253
14	Bell.William	10	0;255	0	0;395	400;4	12	15	26	32	36	37	40	41	48	56	61	69	72	80	82	90	91	93	98	107	110	122	125	127	128	132	137	145	146	152	155	157	163	165	167	176	179	188	195	199	206	212	217	228	232	235	236	237	238	242	249
15	Blake.Increase	10	0;255	0	0;357	387;4	12	14	26	32	36	37	40	41	48	56	61	69	72	80	82	90	91	93	98	107	110	122	125	127	128	132	137	145	146	152	155	157	163	165	167	176	179	188	195	199	206	212	217	228	232	235	236	237	238	242	249
16	Boit.John	10	0;0	0	0;533	310;0	1	2	3	9	10	13	27	38	43	44	45	46	47	49	50	57	58	68	76	77	92	95	104	108	111	114	130	131	133	140	150	154	156	160	169	171	174	175	177	193	194	199	202	207	209	221	222	223	224	226	227	229	232	235	241	251	253
17	Bolter.Thomas	10	0;255	255	0;1	286;10	11	13	22	23	24	25	28	35	39	42	46	51	53	54	55	57	58	59	62	65	71	73	74	75	78	79	85	86	87	89	92	94	99	102	103	105	109	112	115	116	117	118	119	120	121	134	136	138	139	141	143	144	151	153	156	158	159	161	162	168	170	173	176	178	182	185	187	190	191	193	196	198	199	200	203	204	205	208	210	211	214	215	216	218	219	220	223	224	232	240	245	247	248	252	253
18	Boyer.Peter	10	0;0	255	0;142	402;1	5	6	7	8	10	12	13	19	20	21	29	30	31	33	34	46	47	50	58	63	64	66	74	84	88	92	95	96	97	100	101	113	123	124	126	129	147	148	149	164	171	172	181	184	186	189	192	193	194	199	201	202	233	234	235	239	243	244	246	251
19	Boynton.Richard	10	0;0	255	0;148	400;1	3	5	6	7	8	10	12	13	18	20	21	29	30	31	33	34	46	47	50	58	63	64	66	68	74	84	88	92	95	96	97	100	101	106	113	123	124	126	129	142	147	148	149	156	164	166	171	172	181	183	184	186	189	192	193	194	197	199	201	202	225	233	234	235	239	243	244	246	251	253
20	Brackett.Jos	10	0;0	255	0;155	398;1	5	6	7	8	10	12	13	18	19	21	29	30	31	33	34	46	47	50	58	63	64	66	74	84	88	92	95	96	97	100	101	113	123	124	126	129	147	148	149	164	171	172	181	184	186	189	192	193	194	199	201	202	233	234	235	239	243	244	246	251
21	Bradford.John	10	0;0	255	0;162	398;1	3	5	6	7	8	10	12	13	18	19	20	29	30	31	33	34	46	47	50	58	63	64	66	68	74	84	88	92	95	96	97	100	101	106	113	123	124	126	129	142	147	148	149	156	164	166	171	172	181	183	184	186	189	192	193	194	197	199	201	202	225	233	234	235	239	243	244	246	251	253
22	Bradlee.David	10	0;255	255	0;0	282;10	11	13	17	23	24	25	28	35	39	42	46	51	53	54	55	57	58	59	62	65	71	73	74	75	78	79	85	86	87	89	92	94	99	102	103	105	109	112	115	116	117	118	119	120	121	134	136	138	139	141	143	144	151	153	156	158	159	161	162	168	170	173	176	178	182	185	187	190	191	193	196	198	199	200	203	204	205	208	210	211	214	215	216	218	219	220	223	224	232	240	245	247	248	252	253
23	Bradlee.Josiah	10	0;255	255	0;0	278;10	11	13	17	22	24	25	28	35	39	42	46	51	53	54	55	57	58	59	62	65	71	73	74	75	78	79	85	86	87	89	92	94	99	102	103	105	109	112	115	116	117	118	119	120	121	134	136	138	139	141	143	144	151	153	156	158	159	161	162	168	170	173	176	178	182	185	187	190	191	193	196	198	199	200	203	204	205	208	210	211	214	215	216	218	219	220	223	224	232	240	245	247	248	252	253
24	Bradlee.Nathaniel	10	0;255	255	0;0	274;10	11	13	17	22	23	25	28	35	39	42	46	51	53	54	55	57	58	59	62	65	71	73	74	75	78	79	85	86	87	89	92	94	99	102	103	105	109	112	115	116	117	118	119	120	121	134	136	138	139	141	143	144	151	153	156	158	159	161	162	168	170	173	176	178	182	185	187	190	191	193	196	198	199	200	203	204	205	208	210	211	214	215	216	218	219	220	223	224	232	240	245	247	248	252	253
25	Bradlee.Thomas	10	0;255	255	0;0	270;10	11	13	17	22	23	24	28	35	39	42	46	51	53	54	55	57	58	59	62	65	71	73	74	75	78	79	85	86	87	89	92	94	99	102	103	105	109	112	115	116	117	118	119	120	121	134	136	138	139	141	143	144	151	153	156	158	159	161	162	168	170	173	176	178	182	185	187	190	191	193	196	198	199	200	203	204	205	208	210	211	214	215	216	218	219	220	223	224	232	240	245	247	248	252	253
26	Bray.George	10	0;255	0	0;419	391;4	12	14	15	32	36	37	40	41	48	56	61	69	72	80	82	90	91	93	98	107	110	122	125	127	128	132	137	145	146	152	155	157	163	165	167	176	179	188	195	199	206	212	217	228	232	235	236	237	238	242	249
27	Breck.William	10	0;0	0	0;526	317;0	1	2	3	9	10	13	16	38	43	44	45	46	47	49	50	57	58	68	76	77	92	95	104	108	111	114	130	131	133	140	150	154	156	160	169	171	174	175	177	193	194	199	202	207	209	221	222	223	224	226	227	229	232	235	241	251	253
28	Bewer.James	10	0;255	255	0;0	266;10	11	13	17	22	23	24	25	35	39	42	46	51	53	54	55	57	58	59	62	65	71	73	74	75	78	79	85	86	87	89	92	94	99	102	103	105	109	112	115	116	117	118	119	120	121	134	136	138	139	141	143	144	151	153	156	158	159	161	162	168	170	173	176	178	182	185	187	190	191	193	196	198	199	200	203	204	205	208	210	211	214	215	216	218	219	220	223	224	232	240	245	247	248	252	253
29	Brimmer.Herman	10	0;0	255	0;169	398;1	5	6	7	8	10	12	13	18	19	20	21	30	31	33	34	46	47	50	58	63	64	66	74	84	88	92	95	96	97	100	101	113	123	124	126	129	147	148	149	164	171	172	181	184	186	189	192	193	194	199	201	202	233	234	235	239	243	244	246	251
30	Brimmer.Martin	10	0;0	255	0;176	398;1	5	6	7	8	10	12	13	18	19	20	21	29	31	33	34	46	47	50	58	63	64	66	74	84	88	92	95	96	97	100	101	113	123	124	126	129	147	148	149	164	171	172	181	184	186	189	192	193	194	199	201	202	233	234	235	239	243	244	246	251
31	Broomfield.Henry	10	0;0	255	0;182	400;1	5	6	7	8	10	12	13	18	19	20	21	29	30	33	34	46	47	50	58	63	64	66	74	84	88	92	95	96	97	100	101	113	123	124	126	129	147	148	149	164	171	172	181	184	186	189	192	193	194	199	201	202	233	234	235	239	243	244	246	251
32	Brown.Hugh	10	0;255	0	0;494	420;4	12	14	15	26	36	37	40	41	48	56	61	69	72	80	82	90	91	93	98	107	110	122	125	127	128	132	137	145	146	152	155	157	163	165	167	176	179	188	195	199	206	212	217	228	232	235	236	237	238	242	249
33	Brown.Enoch	10	0;0	255	0;189	402;1	5	6	7	8	10	12	13	18	19	20	21	29	30	31	34	46	47	50	58	63	64	66	74	84	88	92	95	96	97	100	101	113	123	124	126	129	147	148	149	164	171	172	181	184	186	189	192	193	194	199	201	202	233	234	235	239	243	244	246	251
34	Brown.John	10	0;0	255	0;195	405;1	5	6	7	8	10	12	13	18	19	20	21	29	30	31	33	46	47	50	58	63	64	66	74	84	88	92	95	96	97	100	101	113	123	124	126	129	147	148	149	164	171	172	181	184	186	189	192	193	194	199	201	202	233	234	235	239	243	244	246	251
35	Bruce.Stephen	10	0;255	255	0;0	263;10	11	13	17	22	23	24	25	28	39	42	46	51	53	54	55	57	58	59	62	65	71	73	74	75	78	79	85	86	87	89	92	94	99	102	103	105	109	112	115	116	117	118	119	120	121	134	136	138	139	141	143	144	151	153	156	158	159	161	162	168	170	173	176	178	182	185	187	190	191	193	196	198	199	200	203	204	205	208	210	211	214	215	216	218	219	220	223	224	232	240	245	247	248	252	253
36	Burbeck.Edward	10	0;255	0	0;421	415;4	12	14	15	26	32	37	40	41	48	56	61	69	72	80	82	90	91	93	98	107	110	122	125	127	128	132	137	145	146	152	155	157	163	165	167	176	179	188	195	199	206	212	217	228	232	235	236	237	238	242	249
37	Burbeck.William	10	0;255	0	0;297	431;4	12	14	15	26	32	36	40	41	48	56	61	69	72	80	82	90	91	93	98	107	110	122	125	127	128	132	137	145	146	152	155	157	163	165	167	176	179	188	195	199	206	212	217	228	232	235	236	237	238	242	249
38	Burt.Benjamin	10	0;0	0	0;545	360;0	1	2	3	9	10	13	16	27	43	44	45	46	47	49	50	57	58	68	76	77	92	95	104	108	111	114	130	131	133	140	150	154	156	160	169	171	174	175	177	193	194	199	202	207	209	221	222	223	224	226	227	229	232	235	241	251	253
39	Burton.Benjamin	10	0;255	255	0;1	259;10	11	13	17	22	23	24	25	28	35	42	46	51	53	54	55	57	58	59	62	65	71	73	74	75	78	79	85	86	87	89	92	94	99	102	103	105	109	112	115	116	117	118	119	120	121	134	136	138	139	141	143	144	151	153	156	158	159	161	162	168	170	173	176	178	182	185	187	190	191	193	196	198	199	200	203	204	205	208	210	211	214	215	216	218	219	220	223	224	232	240	245	247	248	252	253
40	Cailleteau.Edward	10	0;255	0	0;477	397;4	12	14	15	26	32	36	37	41	48	56	61	69	72	80	82	90	91	93	98	107	110	122	125	127	128	132	137	145	146	152	155	157	163	165	167	176	179	188	195	199	206	212	217	228	232	235	236	237	238	242	249
41	Callendar.Elisha	10	0;255	0	0;537	471;4	12	14	15	26	32	36	37	40	48	56	61	69	72	80	82	90	91	93	98	107	110	122	125	127	128	132	137	145	146	152	155	157	163	165	167	176	179	188	195	199	206	212	217	228	232	235	236	237	238	242	249
42	Campbell.Nicholas	10	0;255	255	0;2	255;10	11	13	17	22	23	24	25	28	35	39	46	51	53	54	55	57	58	59	62	65	71	73	74	75	78	79	85	86	87	89	92	94	99	102	103	105	109	112	115	116	117	118	119	120	121	134	136	138	139	141	143	144	151	153	156	158	159	161	162	168	170	173	176	178	182	185	187	190	191	193	196	198	199	200	203	204	205	208	210	211	214	215	216	218	219	220	223	224	232	240	245	247	248	252	253
43	neau.Capt	10	0;0	0	0;266	342;0	1	2	3	9	10	13	16	27	38	44	45	46	47	49	50	57	58	68	76	77	92	95	104	108	111	114	130	131	133	140	150	154	156	160	169	171	174	175	177	193	194	199	202	207	209	221	222	223	224	226	227	229	232	235	241	251	253
44	Chadwell.Mr	10	0;0	0	0;499	331;0	1	2	3	9	10	13	16	27	38	43	45	46	47	49	50	57	58	68	76	77	92	95	104	108	111	114	130	131	133	140	150	154	156	160	169	171	174	175	177	193	194	199	202	207	209	221	222	223	224	226	227	229	232	235	241	251	253
45	Champney.Caleb	10	0;0	0	0;489	332;0	1	2	3	9	10	13	16	27	38	43	44	46	47	49	50	57	58	68	76	77	92	95	104	108	111	114	130	131	133	140	150	154	156	160	169	171	174	175	177	193	194	199	202	207	209	221	222	223	224	226	227	229	232	235	241	251	253
46	Chase.Thomas	10	0;255	255	0;3	251;0	1	2	3	5	6	7	8	9	10	11	12	13	16	17	18	19	20	21	22	23	24	25	27	28	29	30	31	33	34	35	38	39	42	43	44	45	47	49	50	51	52	53	54	55	57	58	59	61	62	63	64	65	66	68	71	73	74	75	76	77	78	79	81	84	85	86	87	88	89	92	94	95	96	97	99	100	101	102	103	104	105	108	109	111	112	113	114	115	116	117	118	119	120	121	123	124	126	129	130	131	133	134	136	138	139	140	141	143	144	147	148	149	150	151	153	154	156	158	159	160	161	162	164	168	169	170	171	172	173	174	175	176	177	178	181	182	184	185	186	187	189	190	191	192	193	194	196	198	199	200	201	202	203	204	205	207	208	209	210	211	213	214	215	216	218	219	220	221	222	223	224	226	227	229	230	232	233	234	235	238	239	240	241	243	244	245	246	247	248	251	252	253
47	ekiel	10	0;0	255	0;201	409;0	1	2	3	5	6	7	8	9	10	12	13	16	18	19	20	21	27	29	30	31	33	34	38	43	44	45	46	49	50	57	58	63	64	66	68	74	76	77	84	88	92	95	96	97	100	101	104	108	111	113	114	123	124	126	129	130	131	133	140	147	148	149	150	154	156	160	164	169	171	172	174	175	177	181	184	186	189	192	193	194	199	201	202	207	209	221	222	223	224	226	227	229	232	233	234	235	239	241	243	244	246	251	253
48	Chipman.Seth	10	0;255	0	0;447	380;4	12	14	15	26	32	36	37	40	41	56	61	69	72	80	82	90	91	93	98	107	110	122	125	127	128	132	137	145	146	152	155	157	163	165	167	176	179	188	195	199	206	212	217	228	232	235	236	237	238	242	249
49	Chrysty.Thomas	10	0;0	0	0;479	331;0	1	2	3	9	10	13	16	27	38	43	44	45	46	47	50	57	58	68	76	77	92	95	104	108	111	114	130	131	133	140	150	154	156	160	169	171	174	175	177	193	194	199	202	207	209	221	222	223	224	226	227	229	232	235	241	251	253
50	Church.Benjamin	10	0;0	255	0;206	414;0	1	2	3	5	6	7	8	9	10	12	13	16	18	19	20	21	27	29	30	31	33	34	38	43	44	45	46	47	49	57	58	59	60	63	64	66	67	68	70	74	76	77	83	84	88	92	95	96	97	100	101	104	106	108	111	113	114	123	124	126	129	130	131	133	135	140	142	147	148	149	150	154	156	160	164	166	169	171	172	174	175	177	180	181	183	184	186	189	192	193	194	197	199	201	202	207	209	221	222	223	224	225	226	227	229	231	232	233	234	235	239	241	243	244	246	250	251	253
51	Clarke.Benjamin	10	0;255	255	0;5	248;10	11	13	17	22	23	24	25	28	35	39	42	46	53	54	55	57	58	59	62	65	71	73	74	75	78	79	85	86	87	89	92	94	99	102	103	105	109	112	115	116	117	118	119	120	121	134	136	138	139	141	143	144	151	153	156	158	159	161	162	168	170	173	176	178	182	185	187	190	191	193	196	198	199	200	203	204	205	208	210	211	214	215	216	218	219	220	223	224	232	240	245	247	248	252	253
52	Cleverly.Stephen	10	0;0	0	255;106	87;7	13	46	61	76	81	213	230	238
53	Cochran.John	10	0;255	255	0;6	244;10	11	13	17	22	23	24	25	28	35	39	42	46	51	54	55	57	58	59	62	65	71	73	74	75	78	79	85	86	87	89	92	94	99	102	103	105	109	112	115	116	117	118	119	120	121	134	136	138	139	141	143	144	151	153	156	158	159	161	162	168	170	173	176	178	182	185	187	190	191	193	196	198	199	200	203	204	205	208	210	211	214	215	216	218	219	220	223	224	232	240	245	247	248	252	253
54	Colesworthy.Gilbert	10	0;255	255	0;8	241;10	11	13	17	22	23	24	25	28	35	39	42	46	51	53	55	57	58	59	62	65	71	73	74	75	78	79	85	86	87	89	92	94	99	102	103	105	109	112	115	116	117	118	119	120	121	134	136	138	139	141	143	144	151	153	156	158	159	161	162	168	170	173	176	178	182	185	187	190	191	193	196	198	199	200	203	204	205	208	210	211	214	215	216	218	219	220	223	224	232	240	245	247	248	252	253
55	Collier.Gershom	10	0;255	255	0;10	238;10	11	13	17	22	23	24	25	28	35	39	42	46	51	53	54	57	58	59	62	65	71	73	74	75	78	79	85	86	87	89	92	94	99	102	103	105	109	112	115	116	117	118	119	120	121	134	136	138	139	141	143	144	151	153	156	158	159	161	162	168	170	173	176	178	182	185	187	190	191	193	196	198	199	200	203	204	205	208	210	211	214	215	216	218	219	220	223	224	232	240	245	247	248	252	253
56	ra	10	0;255	0	0;438	449;4	12	14	15	26	32	36	37	40	41	48	61	69	72	80	82	90	91	93	98	107	110	122	125	127	128	132	137	145	146	152	155	157	163	165	167	176	179	188	195	199	206	212	217	228	232	235	236	237	238	242	249
57	Collson.Adam	10	0;255	255	0;13	235;0	1	2	3	9	10	11	13	16	17	22	23	24	25	27	28	35	38	39	42	43	44	45	46	47	49	50	51	53	54	55	58	59	62	65	68	71	73	74	75	76	77	78	79	85	86	87	89	92	94	95	99	102	103	104	105	108	109	111	112	114	115	116	117	118	119	120	121	130	131	133	134	136	138	139	140	141	143	144	150	151	153	154	156	158	159	160	161	162	168	169	170	171	173	174	175	176	177	178	182	185	187	190	191	193	194	196	198	199	200	202	203	204	205	207	208	209	210	211	214	215	216	218	219	220	221	222	223	224	226	227	229	232	235	240	241	245	247	248	251	252	253
58	Condy.JamesFoster	10	0;255	255	0;15	232;0	1	2	3	5	6	7	8	9	10	11	12	13	16	17	18	19	20	21	22	23	24	25	27	28	29	30	31	33	34	35	38	39	42	43	44	45	46	47	49	50	51	53	54	55	57	59	62	63	64	65	66	68	71	73	74	75	76	77	78	79	84	85	86	87	88	89	92	94	95	96	97	99	100	101	102	103	104	105	108	109	111	112	113	114	115	116	117	118	119	120	121	123	124	126	129	130	131	133	134	136	138	139	140	141	143	144	147	148	149	150	151	153	154	156	158	159	160	161	162	164	168	169	170	171	172	173	174	175	176	177	178	181	182	184	185	186	187	189	190	191	192	193	194	196	198	199	200	201	202	203	204	205	207	208	209	210	211	214	215	216	218	219	220	221	222	223	224	226	227	229	232	233	234	235	239	240	241	243	244	245	246	247	248	251	252	253
59	Cooper.Samuel	10	0;255	255	0;18	229;0	1	10	11	13	17	22	23	24	25	28	35	39	42	46	50	51	53	54	55	57	58	60	62	65	67	70	71	73	74	75	78	79	83	85	86	87	89	92	94	99	101	102	103	105	109	112	115	116	117	118	119	120	121	134	135	136	138	139	141	143	144	151	153	156	158	159	161	162	166	168	170	173	176	178	180	182	185	187	190	191	193	196	197	198	199	200	203	204	205	208	210	211	214	215	216	218	219	220	223	224	231	232	235	240	245	247	248	250	252	253
60	Cooper.William	10	0;255	0	255;331	122;0	1	50	59	67	70	83	101	135	166	180	197	199	231	235	250
61	Crafts.Thomas	10	0;255	0	0;439	457;4	7	12	13	14	15	26	32	36	37	40	41	46	48	52	56	69	72	76	80	81	82	90	91	93	98	107	110	122	125	127	128	132	137	145	146	152	155	157	163	165	167	176	179	188	195	199	206	212	213	217	228	230	232	235	236	237	238	242	249
62	Crane.John	10	0;255	255	0;0	199;10	11	13	17	22	23	24	25	28	35	39	42	46	51	53	54	55	57	58	59	65	71	73	74	75	78	79	85	86	87	89	92	94	99	102	103	105	109	112	115	116	117	118	119	120	121	134	136	138	139	141	143	144	151	153	156	158	159	161	162	168	170	173	176	178	182	185	187	190	191	193	196	198	199	200	203	204	205	208	210	211	214	215	216	218	219	220	223	224	232	240	245	247	248	252	253
63	Davis.Caleb	10	0;0	255	0;211	419;1	3	5	6	7	8	10	12	13	18	19	20	21	29	30	31	33	34	46	47	50	58	64	66	68	74	84	88	92	95	96	97	100	101	106	113	123	124	126	129	142	147	148	149	156	164	166	171	172	181	183	184	186	189	192	193	194	197	199	201	202	225	233	234	235	239	243	244	246	251	253
64	Davis.Edward	10	0;0	255	0;215	424;1	5	6	7	8	10	12	13	18	19	20	21	29	30	31	33	34	46	47	50	58	63	66	74	84	88	92	95	96	97	100	101	113	123	124	126	129	147	148	149	164	171	172	181	184	186	189	192	193	194	199	201	202	233	234	235	239	243	244	246	251
65	Davis.Robert	10	0;255	255	0;8	174;10	11	13	17	22	23	24	25	28	35	39	42	46	51	53	54	55	57	58	59	62	71	73	74	75	78	79	85	86	87	89	92	94	99	102	103	105	109	112	115	116	117	118	119	120	121	134	136	138	139	141	143	144	151	153	156	158	159	161	162	168	170	173	176	178	182	185	187	190	191	193	196	198	199	200	203	204	205	208	210	211	214	215	216	218	219	220	223	224	232	240	245	247	248	252	253
66	Davis.William	10	0;0	255	0;37	530;1	5	6	7	8	10	12	13	18	19	20	21	29	30	31	33	34	46	47	50	58	63	64	74	84	88	92	95	96	97	100	101	113	123	124	126	129	147	148	149	164	171	172	181	184	186	189	192	193	194	199	201	202	233	234	235	239	243	244	246	251
67	Dawes.Thomas	10	0;255	0	255;320	87;0	1	50	59	60	70	83	101	135	166	180	197	199	231	235	250
68	Dennie.William	10	0;0	0	0;469	329;0	1	2	3	9	10	13	16	19	21	27	38	43	44	45	46	47	49	50	57	58	63	76	77	92	95	96	104	106	108	111	114	130	131	133	140	142	150	154	156	160	166	169	171	174	175	177	183	189	193	194	197	199	202	207	209	221	222	223	224	225	226	227	229	232	235	239	241	251	253
69	Deshon.Moses	10	0;255	0	0;438	465;4	12	14	15	26	32	36	37	40	41	48	56	61	72	80	82	90	91	93	98	107	110	122	125	127	128	132	137	145	146	152	155	157	163	165	167	176	179	188	195	199	206	212	217	228	232	235	236	237	238	242	249
70	Dexter.Samuel	10	0;255	0	255;331	52;0	1	50	59	60	67	83	101	135	166	180	197	199	231	235	250
71	Dolbear.Edward	10	0;255	255	0;74	161;10	11	13	17	22	23	24	25	28	35	39	42	46	51	53	54	55	57	58	59	62	65	73	74	75	78	79	85	86	87	89	92	94	99	102	103	105	109	112	115	116	117	118	119	120	121	134	136	138	139	141	143	144	151	153	156	158	159	161	162	168	170	173	176	178	182	185	187	190	191	193	196	198	199	200	203	204	205	208	210	211	214	215	216	218	219	220	223	224	232	240	245	247	248	252	253
72	Doyle.Peter	10	0;255	0	0;556	440;4	12	14	15	26	32	36	37	40	41	48	56	61	69	80	82	90	91	93	98	107	110	122	125	127	128	132	137	145	146	152	155	157	163	165	167	176	179	188	195	199	206	212	217	228	232	235	236	237	238	242	249
73	Eaton.Joseph	10	0;255	255	0;30	220;10	11	13	17	22	23	24	25	28	35	39	42	46	51	53	54	55	57	58	59	62	65	71	74	75	78	79	85	86	87	89	92	94	99	102	103	105	109	112	115	116	117	118	119	120	121	134	136	138	139	141	143	144	151	153	156	158	159	161	162	168	170	173	176	178	182	185	187	190	191	193	196	198	199	200	203	204	205	208	210	211	214	215	216	218	219	220	223	224	232	240	245	247	248	252	253
74	Eayres.Joseph	10	0;255	255	0;34	218;1	5	6	7	8	10	11	12	13	17	18	19	20	21	22	23	24	25	28	29	30	31	33	34	35	39	42	46	47	50	51	53	54	55	57	58	59	62	63	64	65	66	71	73	75	78	79	84	85	86	87	88	89	92	94	95	96	97	99	100	101	102	103	105	109	112	113	115	116	117	118	119	120	121	123	124	126	129	134	136	138	139	141	143	144	147	148	149	151	153	156	158	159	161	162	164	168	170	171	172	173	176	178	181	182	184	185	186	187	189	190	191	192	193	194	196	198	199	200	201	202	203	204	205	208	210	211	214	215	216	218	219	220	223	224	232	233	234	235	239	240	243	244	245	246	247	248	251	252	253
75	Eckley.Unknown	10	0;255	255	0;37	217;10	11	13	17	22	23	24	25	28	35	39	42	46	51	53	54	55	57	58	59	62	65	71	73	74	78	79	85	86	87	89	92	94	99	102	103	105	109	112	115	116	117	118	119	120	121	134	136	138	139	141	143	144	151	153	156	158	159	161	162	168	170	173	176	178	182	185	187	190	191	193	196	198	199	200	203	204	205	208	210	211	214	215	216	218	219	220	223	224	232	240	245	247	248	252	253
76	Edes.Benjamin	10	0;0	0	0;459	326;0	1	2	3	7	9	10	13	16	27	38	43	44	45	46	47	49	50	52	57	58	61	68	77	81	92	95	104	108	111	114	130	131	133	140	150	154	156	160	169	171	174	175	177	193	194	199	202	207	209	213	221	222	223	224	226	227	229	230	232	235	238	241	251	253
77	Emmes.Samuel	10	0;0	0	0;451	320;0	1	2	3	9	10	13	16	27	38	43	44	45	46	47	49	50	57	58	68	76	92	95	104	108	111	114	130	131	133	140	150	154	156	160	169	171	174	175	177	193	194	199	202	207	209	221	222	223	224	226	227	229	232	235	241	251	253
78	Etheridge.William	10	0;255	255	0;41	215;10	11	13	17	22	23	24	25	28	35	39	42	46	51	53	54	55	57	58	59	62	65	71	73	74	75	79	85	86	87	89	92	94	99	102	103	105	109	112	115	116	117	118	119	120	121	134	136	138	139	141	143	144	151	153	156	158	159	161	162	168	170	173	176	178	182	185	187	190	191	193	196	198	199	200	203	204	205	208	210	211	214	215	216	218	219	220	223	224	232	240	245	247	248	252	253
79	Fenno.Samuel	10	0;255	255	0;45	214;10	11	13	17	22	23	24	25	28	35	39	42	46	51	53	54	55	57	58	59	62	65	71	73	74	75	78	85	86	87	89	92	94	99	102	103	105	109	112	115	116	117	118	119	120	121	134	136	138	139	141	143	144	151	153	156	158	159	161	162	168	170	173	176	178	182	185	187	190	191	193	196	198	199	200	203	204	205	208	210	211	214	215	216	218	219	220	223	224	232	240	245	247	248	252	253
80	Ferrell.Ambrose	10	0;255	0	0;529	516;4	12	14	15	26	32	36	37	40	41	48	56	61	69	72	82	90	91	93	98	107	110	122	125	127	128	132	137	145	146	152	155	157	163	165	167	176	179	188	195	199	206	212	217	228	232	235	236	237	238	242	249
81	Field.Joseph	10	0;0	0	255;123	45;7	13	46	52	61	76	213	230	238
82	Flagg.Josiah	10	0;255	0	0;431	487;4	12	14	15	26	32	36	37	40	41	48	56	61	69	72	80	90	91	93	98	107	110	122	125	127	128	132	137	145	146	152	155	157	163	165	167	176	179	188	195	199	206	212	217	228	232	235	236	237	238	242	249
83	Fleet.Thomas	10	0;255	0	255;361	30;0	1	50	59	60	67	70	101	135	166	180	197	199	231	235	250
84	Foster.Bos	10	0;0	255	0;221	437;1	5	6	7	8	10	12	13	18	19	20	21	29	30	31	33	34	46	47	50	58	63	64	66	74	88	92	95	96	97	100	101	113	123	124	126	129	147	148	149	164	171	172	181	184	186	189	192	193	194	199	201	202	233	234	235	239	243	244	246	251
85	Foster.Samuel	10	0;255	255	0;32	169;10	11	13	17	22	23	24	25	28	35	39	42	46	51	53	54	55	57	58	59	62	65	71	73	74	75	78	79	86	87	89	92	94	99	102	103	105	109	112	115	116	117	118	119	120	121	134	136	138	139	141	143	144	151	153	156	158	159	161	162	168	170	173	176	178	182	185	187	190	191	193	196	198	199	200	203	204	205	208	210	211	214	215	216	218	219	220	223	224	232	240	245	247	248	252	253
86	Frothingham.Nathaniel	10	0;255	255	0;52	213;10	11	13	17	22	23	24	25	28	35	39	42	46	51	53	54	55	57	58	59	62	65	71	73	74	75	78	79	85	87	89	92	94	99	102	103	105	109	112	115	116	117	118	119	120	121	134	136	138	139	141	143	144	151	153	156	158	159	161	162	168	170	173	176	178	182	185	187	190	191	193	196	198	199	200	203	204	205	208	210	211	214	215	216	218	219	220	223	224	232	240	245	247	248	252	253
87	Gammell.John	10	0;255	255	0;56	213;10	11	13	17	22	23	24	25	28	35	39	42	46	51	53	54	55	57	58	59	62	65	71	73	74	75	78	79	85	86	89	92	94	99	102	103	105	109	112	115	116	117	118	119	120	121	134	136	138	139	141	143	144	151	153	156	158	159	161	162	168	170	173	176	178	182	185	187	190	191	193	196	198	199	200	203	204	205	208	210	211	214	215	216	218	219	220	223	224	232	240	245	247	248	252	253
88	Gill.Moses	10	0;0	255	0;223	443;1	5	6	7	8	10	12	13	18	19	20	21	29	30	31	33	34	46	47	50	58	63	64	66	74	84	92	95	96	97	100	101	113	123	124	126	129	147	148	149	164	171	172	181	184	186	189	192	193	194	199	201	202	233	234	235	239	243	244	246	251
89	Gore.Samuel	10	0;255	255	0;60	213;10	11	13	17	22	23	24	25	28	35	39	42	46	51	53	54	55	57	58	59	62	65	71	73	74	75	78	79	85	86	87	92	94	99	102	103	105	109	112	115	116	117	118	119	120	121	134	136	138	139	141	143	144	151	153	156	158	159	161	162	168	170	173	176	178	182	185	187	190	191	193	196	198	199	200	203	204	205	208	210	211	214	215	216	218	219	220	223	224	232	240	245	247	248	252	253
90	Gould.William	10	0;255	0	0;374	503;4	12	14	15	26	32	36	37	40	41	48	56	61	69	72	80	82	91	93	98	107	110	122	125	127	128	132	137	145	146	152	155	157	163	165	167	176	179	188	195	199	206	212	217	228	232	235	236	237	238	242	249
91	Graham.James	10	0;255	0	0;406	489;4	12	14	15	26	32	36	37	40	41	48	56	61	69	72	80	82	90	93	98	107	110	122	125	127	128	132	137	145	146	152	155	157	163	165	167	176	179	188	195	199	206	212	217	228	232	235	236	237	238	242	249
92	Grant.Moses	10	0;255	255	0;64	213;0	1	2	3	5	6	7	8	9	10	11	12	13	16	17	18	19	20	21	22	23	24	25	27	28	29	30	31	33	34	35	38	39	42	43	44	45	46	47	49	50	51	53	54	55	57	58	59	62	63	64	65	66	68	71	73	74	75	76	77	78	79	84	85	86	87	88	89	94	95	96	97	99	100	101	102	103	104	105	108	109	111	112	113	114	115	116	117	118	119	120	121	123	124	126	129	130	131	133	134	136	138	139	140	141	143	144	147	148	149	150	151	153	154	156	158	159	160	161	162	164	168	169	170	171	172	173	174	175	176	177	178	181	182	184	185	186	187	189	190	191	192	193	194	196	198	199	200	201	202	203	204	205	207	208	209	210	211	214	215	216	218	219	220	221	222	223	224	226	227	229	232	233	234	235	239	240	241	243	244	245	246	247	248	251	252	253
93	Gray.Wait	10	0;255	0	0;373	483;4	12	14	15	26	32	36	37	40	41	48	56	61	69	72	80	82	90	91	98	107	110	122	125	127	128	132	137	145	146	152	155	157	163	165	167	176	179	188	195	199	206	212	217	228	232	235	236	237	238	242	249
94	Greene.Nathaniel	10	0;255	255	0;68	213;10	11	13	17	22	23	24	25	28	35	39	42	46	51	53	54	55	57	58	59	62	65	71	73	74	75	78	79	85	86	87	89	92	99	102	103	105	109	112	115	116	117	118	119	120	121	134	136	138	139	141	143	144	151	153	156	158	159	161	162	168	170	173	176	178	182	185	187	190	191	193	196	198	199	200	203	204	205	208	210	211	214	215	216	218	219	220	223	224	232	240	245	247	248	252	253
95	Greenleaf.Joseph	10	0;0	255	0;225	450;0	1	2	3	5	6	7	8	9	10	12	13	16	18	19	20	21	27	29	30	31	33	34	38	43	44	45	46	47	49	50	57	58	63	64	66	68	74	76	77	84	88	92	96	97	100	101	104	106	108	111	113	114	123	124	126	129	130	131	133	140	142	147	148	149	150	154	156	160	164	166	169	171	172	174	175	177	181	183	184	186	189	192	193	194	197	199	201	202	207	209	221	222	223	224	225	226	227	229	232	233	234	235	239	241	243	244	246	251	253
96	Greenleaf.William	10	0;0	255	0;225	457;1	3	5	6	7	8	10	12	13	18	19	20	21	29	30	31	33	34	46	47	50	58	63	64	66	68	74	84	88	92	95	97	100	101	106	113	123	124	126	129	142	147	148	149	156	164	166	171	172	181	183	184	186	189	192	193	194	197	199	201	202	225	233	234	235	239	243	244	246	251	253
97	Greenough.Newn	10	0;0	255	0;225	464;1	5	6	7	8	10	12	13	18	19	20	21	29	30	31	33	34	46	47	50	58	63	64	66	74	84	88	92	95	96	100	101	113	123	124	126	129	147	148	149	164	171	172	181	184	186	189	192	193	194	199	201	202	233	234	235	239	243	244	246	251
98	Ham.William	10	0;255	0	0;452	532;4	12	14	15	26	32	36	37	40	41	48	56	61	69	72	80	82	90	91	93	107	110	122	125	127	128	132	137	145	146	152	155	157	163	165	167	176	179	188	195	199	206	212	217	228	232	235	236	237	238	242	249
99	Hammond.Samuel	10	0;255	255	0;72	214;10	11	13	17	22	23	24	25	28	35	39	42	46	51	53	54	55	57	58	59	62	65	71	73	74	75	78	79	85	86	87	89	92	94	102	103	105	109	112	115	116	117	118	119	120	121	134	136	138	139	141	143	144	151	153	156	158	159	161	162	168	170	173	176	178	182	185	187	190	191	193	196	198	199	200	203	204	205	208	210	211	214	215	216	218	219	220	223	224	232	240	245	247	248	252	253
100	Hancock.Eben	10	0;0	255	0;223	471;1	5	6	7	8	10	12	13	18	19	20	21	29	30	31	33	34	46	47	50	58	63	64	66	74	84	88	92	95	96	97	101	113	123	124	126	129	147	148	149	164	171	172	181	184	186	189	192	193	194	199	201	202	233	234	235	239	243	244	246	251
101	Hancock.John	10	0;0	255	0;221	478;0	1	5	6	7	8	10	12	13	18	19	20	21	29	30	31	33	34	46	47	50	58	59	60	63	64	66	67	70	74	83	84	88	92	95	96	97	100	113	123	124	126	129	135	147	148	149	164	166	171	172	180	181	184	186	189	192	193	194	197	199	201	202	231	233	234	235	239	243	244	246	250	251
102	Hendley.William	10	0;255	255	0;75	215;10	11	13	17	22	23	24	25	28	35	39	42	46	51	53	54	55	57	58	59	62	65	71	73	74	75	78	79	85	86	87	89	92	94	99	103	105	109	112	115	116	117	118	119	120	121	134	136	138	139	141	143	144	151	153	156	158	159	161	162	168	170	173	176	178	182	185	187	190	191	193	196	198	199	200	203	204	205	208	210	211	214	215	216	218	219	220	223	224	232	240	245	247	248	252	253
103	Hewes.George	10	0;255	255	0;79	216;10	11	13	17	22	23	24	25	28	35	39	42	46	51	53	54	55	57	58	59	62	65	71	73	74	75	78	79	85	86	87	89	92	94	99	102	105	109	112	115	116	117	118	119	120	121	134	136	138	139	141	143	144	151	153	156	158	159	161	162	168	170	173	176	178	182	185	187	190	191	193	196	198	199	200	203	204	205	208	210	211	214	215	216	218	219	220	223	224	232	240	245	247	248	252	253
104	Hickling.William	10	0;0	0	0;443	314;0	1	2	3	9	10	13	16	27	38	43	44	45	46	47	49	50	57	58	68	76	77	92	95	108	111	114	130	131	133	140	150	154	156	160	169	171	174	175	177	193	194	199	202	207	209	221	222	223	224	226	227	229	232	235	241	251	253
105	Hicks.John	10	0;255	255	0;83	217;10	11	13	17	22	23	24	25	28	35	39	42	46	51	53	54	55	57	58	59	62	65	71	73	74	75	78	79	85	86	87	89	92	94	99	102	103	109	112	115	116	117	118	119	120	121	134	136	138	139	141	143	144	151	153	156	158	159	161	162	168	170	173	176	178	182	185	187	190	191	193	196	198	199	200	203	204	205	208	210	211	214	215	216	218	219	220	223	224	232	240	245	247	248	252	253
106	Hill.Alexander	10	0;0	0	255;165	28;1	3	10	19	21	50	63	68	95	96	142	156	166	183	189	197	225	235	239	253
107	Hitchborn.Nathaniel	10	0;255	0	0;386	481;4	12	14	15	26	32	36	37	40	41	48	56	61	69	72	80	82	90	91	93	98	110	122	125	127	128	132	137	145	146	152	155	157	163	165	167	176	179	188	195	199	206	212	217	228	232	235	236	237	238	242	249
108	Hitchborn.Thomas	10	0;0	0	0;437	306;0	1	2	3	9	10	13	16	27	38	43	44	45	46	47	49	50	57	58	68	76	77	92	95	104	111	114	130	131	133	140	150	154	156	160	169	171	174	175	177	193	194	199	202	207	209	221	222	223	224	226	227	229	232	235	241	251	253
109	Hobbs.Samuel	10	0;255	255	0;86	219;10	11	13	17	22	23	24	25	28	35	39	42	46	51	53	54	55	57	58	59	62	65	71	73	74	75	78	79	85	86	87	89	92	94	99	102	103	105	112	115	116	117	118	119	120	121	134	136	138	139	141	143	144	151	153	156	158	159	161	162	168	170	173	176	178	182	185	187	190	191	193	196	198	199	200	203	204	205	208	210	211	214	215	216	218	219	220	223	224	232	240	245	247	248	252	253
110	Hoffins.John	10	0;255	0	0;395	515;4	12	14	15	26	32	36	37	40	41	48	56	61	69	72	80	82	90	91	93	98	107	122	125	127	128	132	137	145	146	152	155	157	163	165	167	176	179	188	195	199	206	212	217	228	232	235	236	237	238	242	249
111	Holmes.Nathaniel	10	0;0	0	0;432	297;0	1	2	3	9	10	13	16	27	38	43	44	45	46	47	49	50	57	58	68	76	77	92	95	104	108	114	130	131	133	140	150	154	156	160	169	171	174	175	177	193	194	199	202	207	209	221	222	223	224	226	227	229	232	235	241	251	253
112	Hooton.John	10	0;255	255	0;90	221;10	11	13	17	22	23	24	25	28	35	39	42	46	51	53	54	55	57	58	59	62	65	71	73	74	75	78	79	85	86	87	89	92	94	99	102	103	105	109	115	116	117	118	119	120	121	134	136	138	139	141	143	144	151	153	156	158	159	161	162	168	170	173	176	178	182	185	187	190	191	193	196	198	199	200	203	204	205	208	210	211	214	215	216	218	219	220	223	224	232	240	245	247	248	252	253
113	Hopkins.Caleb	10	0;0	255	0;219	484;1	5	6	7	8	10	12	13	18	19	20	21	29	30	31	33	34	46	47	50	58	63	64	66	74	84	88	92	95	96	97	100	101	123	124	126	129	147	148	149	164	171	172	181	184	186	189	192	193	194	199	201	202	233	234	235	239	243	244	246	251
114	Hoskins.William	10	0;0	0	0;428	287;0	1	2	3	9	10	13	16	27	38	43	44	45	46	47	49	50	57	58	68	76	77	92	95	104	108	111	130	131	133	140	150	154	156	160	169	171	174	175	177	193	194	199	202	207	209	221	222	223	224	226	227	229	232	235	241	251	253
115	Howard.Samuel	10	0;255	255	0;93	223;10	11	13	17	22	23	24	25	28	35	39	42	46	51	53	54	55	57	58	59	62	65	71	73	74	75	78	79	85	86	87	89	92	94	99	102	103	105	109	112	116	117	118	119	120	121	134	136	138	139	141	143	144	151	153	156	158	159	161	162	168	170	173	176	178	182	185	187	190	191	193	196	198	199	200	203	204	205	208	210	211	214	215	216	218	219	220	223	224	232	240	245	247	248	252	253
116	Howe.Edward	10	0;255	255	0;96	225;10	11	13	17	22	23	24	25	28	35	39	42	46	51	53	54	55	57	58	59	62	65	71	73	74	75	78	79	85	86	87	89	92	94	99	102	103	105	109	112	115	117	118	119	120	121	134	136	138	139	141	143	144	151	153	156	158	159	161	162	168	170	173	176	178	182	185	187	190	191	193	196	198	199	200	203	204	205	208	210	211	214	215	216	218	219	220	223	224	232	240	245	247	248	252	253
117	Hunnewell.Jonathan	10	0;255	255	0;128	179;10	11	13	17	22	23	24	25	28	35	39	42	46	51	53	54	55	57	58	59	62	65	71	73	74	75	78	79	85	86	87	89	92	94	99	102	103	105	109	112	115	116	118	119	120	121	134	136	138	139	141	143	144	151	153	156	158	159	161	162	168	170	173	176	178	182	185	187	190	191	193	196	198	199	200	203	204	205	208	210	211	214	215	216	218	219	220	223	224	232	240	245	247	248	252	253
118	Hunnewell.Richard	10	0;255	255	0;102	230;10	11	13	17	22	23	24	25	28	35	39	42	46	51	53	54	55	57	58	59	62	65	71	73	74	75	78	79	85	86	87	89	92	94	99	102	103	105	109	112	115	116	117	119	120	121	134	136	138	139	141	143	144	151	153	156	158	159	161	162	168	170	173	176	178	182	185	187	190	191	193	196	198	199	200	203	204	205	208	210	211	214	215	216	218	219	220	223	224	232	240	245	247	248	252	253
119	Hunstable.Thomas	10	0;255	255	0;104	233;10	11	13	17	22	23	24	25	28	35	39	42	46	51	53	54	55	57	58	59	62	65	71	73	74	75	78	79	85	86	87	89	92	94	99	102	103	105	109	112	115	116	117	118	120	121	134	136	138	139	141	143	144	151	153	156	158	159	161	162	168	170	173	176	178	182	185	187	190	191	193	196	198	199	200	203	204	205	208	210	211	214	215	216	218	219	220	223	224	232	240	245	247	248	252	253
120	Hunt.Abraham	10	0;255	255	0;107	236;10	11	13	17	22	23	24	25	28	35	39	42	46	51	53	54	55	57	58	59	62	65	71	73	74	75	78	79	85	86	87	89	92	94	99	102	103	105	109	112	115	116	117	118	119	121	134	136	138	139	141	143	144	151	153	156	158	159	161	162	168	170	173	176	178	182	185	187	190	191	193	196	198	199	200	203	204	205	208	210	211	214	215	216	218	219	220	223	224	232	240	245	247	248	252	253
121	Ingersoll.Daniel	10	0;255	255	0;109	239;10	11	13	17	22	23	24	25	28	35	39	42	46	51	53	54	55	57	58	59	62	65	71	73	74	75	78	79	85	86	87	89	92	94	99	102	103	105	109	112	115	116	117	118	119	120	134	136	138	139	141	143	144	151	153	156	158	159	161	162	168	170	173	176	178	182	185	187	190	191	193	196	198	199	200	203	204	205	208	210	211	214	215	216	218	219	220	223	224	232	240	245	247	248	252	253
122	Inglish.Alexander	10	0;255	0	0;387	516;4	12	14	15	26	32	36	37	40	41	48	56	61	69	72	80	82	90	91	93	98	107	110	125	127	128	132	137	145	146	152	155	157	163	165	167	176	179	188	195	199	206	212	217	228	232	235	236	237	238	242	249
123	Isaac.Pierce	10	0;0	255	0;218	488;1	5	6	7	8	10	12	13	18	19	20	21	29	30	31	33	34	46	47	50	58	63	64	66	74	84	88	92	95	96	97	100	101	113	124	126	129	147	148	149	164	171	172	181	184	186	189	192	193	194	199	201	202	233	234	235	239	243	244	246	251
124	Ivers.James	10	0;0	255	0;211	496;1	5	6	7	8	10	12	13	18	19	20	21	29	30	31	33	34	46	47	50	58	63	64	66	74	84	88	92	95	96	97	100	101	113	123	126	129	147	148	149	164	171	172	181	184	186	189	192	193	194	199	201	202	233	234	235	239	243	244	246	251
125	Jarvis.Edward	10	0;255	0	0;379	517;4	12	14	15	26	32	36	37	40	41	48	56	61	69	72	80	82	90	91	93	98	107	110	122	127	128	132	137	145	146	152	155	157	163	165	167	176	179	188	195	199	206	212	217	228	232	235	236	237	238	242	249
126	Jarvis.Charles	10	0;0	255	0;206	501;1	5	6	7	8	10	12	13	18	19	20	21	29	30	31	33	34	46	47	50	58	63	64	66	74	84	88	92	95	96	97	100	101	113	123	124	129	147	148	149	164	171	172	181	184	186	189	192	193	194	199	201	202	233	234	235	239	243	244	246	251
127	Jefferds.Unknown	10	0;255	0	0;394	482;4	12	14	15	26	32	36	37	40	41	48	56	61	69	72	80	82	90	91	93	98	107	110	122	125	128	132	137	145	146	152	155	157	163	165	167	176	179	188	195	199	206	212	217	228	232	235	236	237	238	242	249
128	Jenkins.John	10	0;255	0	0;336	388;4	12	14	15	26	32	36	37	40	41	48	56	61	69	72	80	82	90	91	93	98	107	110	122	125	127	132	137	145	146	152	155	157	163	165	167	176	179	188	195	199	206	212	217	228	232	235	236	237	238	242	249
129	Johnston.Eben	10	0;0	255	0;201	505;1	5	6	7	8	10	12	13	18	19	20	21	29	30	31	33	34	46	47	50	58	63	64	66	74	84	88	92	95	96	97	100	101	113	123	124	126	147	148	149	164	171	172	181	184	186	189	192	193	194	199	201	202	233	234	235	239	243	244	246	251
130	Johonnott.Gabriel	10	0;0	0	0;427	277;0	1	2	3	9	10	13	16	27	38	43	44	45	46	47	49	50	57	58	68	76	77	92	95	104	108	111	114	131	133	140	150	154	156	160	169	171	174	175	177	193	194	199	202	207	209	221	222	223	224	226	227	229	232	235	241	251	253
131	Kent.Benjamin	10	0;0	0	0;427	267;0	1	2	3	9	10	13	16	27	38	43	44	45	46	47	49	50	57	58	68	76	77	92	95	104	108	111	114	130	133	140	150	154	156	160	169	171	174	175	177	193	194	199	202	207	209	221	222	223	224	226	227	229	232	235	241	251	253
132	Kerr.Walter	10	0;255	0	0;356	512;4	12	14	15	26	32	36	37	40	41	48	56	61	69	72	80	82	90	91	93	98	107	110	122	125	127	128	137	145	146	152	155	157	163	165	167	176	179	188	195	199	206	212	217	228	232	235	236	237	238	242	249
133	Kimball.Thomas	10	0;0	0	0;428	257;0	1	2	3	9	10	13	16	27	38	43	44	45	46	47	49	50	57	58	68	76	77	92	95	104	108	111	114	130	131	140	150	154	156	160	169	171	174	175	177	193	194	199	202	207	209	221	222	223	224	226	227	229	232	235	241	251	253
134	Kinnison.David	10	0;255	255	0;111	243;10	11	13	17	22	23	24	25	28	35	39	42	46	51	53	54	55	57	58	59	62	65	71	73	74	75	78	79	85	86	87	89	92	94	99	102	103	105	109	112	115	116	117	118	119	120	121	136	138	139	141	143	144	151	153	156	158	159	161	162	168	170	173	176	178	182	185	187	190	191	193	196	198	199	200	203	204	205	208	210	211	214	215	216	218	219	220	223	224	232	240	245	247	248	252	253
135	Lambert.John	10	0;255	0	255;398	30;0	1	50	59	60	67	70	83	101	166	180	197	199	231	235	250
136	Lee.Joseph	10	0;255	255	0;113	246;10	11	13	17	22	23	24	25	28	35	39	42	46	51	53	54	55	57	58	59	62	65	71	73	74	75	78	79	85	86	87	89	92	94	99	102	103	105	109	112	115	116	117	118	119	120	121	134	138	139	141	143	144	151	153	156	158	159	161	162	168	170	173	176	178	182	185	187	190	191	193	196	198	199	200	203	204	205	208	210	211	214	215	216	218	219	220	223	224	232	240	245	247	248	252	253
137	Lewis.Phillip	10	0;255	0	0;349	509;4	12	14	15	26	32	36	37	40	41	48	56	61	69	72	80	82	90	91	93	98	107	110	122	125	127	128	132	145	146	152	155	157	163	165	167	176	179	188	195	199	206	212	217	228	232	235	236	237	238	242	249
138	Lincoln.Amos	10	0;255	255	0;114	250;10	11	13	17	22	23	24	25	28	35	39	42	46	51	53	54	55	57	58	59	62	65	71	73	74	75	78	79	85	86	87	89	92	94	99	102	103	105	109	112	115	116	117	118	119	120	121	134	136	139	141	143	144	151	153	156	158	159	161	162	168	170	173	176	178	182	185	187	190	191	193	196	198	199	200	203	204	205	208	210	211	214	215	216	218	219	220	223	224	232	240	245	247	248	252	253
139	Loring.Matthew	10	0;255	255	0;116	253;10	11	13	17	22	23	24	25	28	35	39	42	46	51	53	54	55	57	58	59	62	65	71	73	74	75	78	79	85	86	87	89	92	94	99	102	103	105	109	112	115	116	117	118	119	120	121	134	136	138	141	143	144	151	153	156	158	159	161	162	168	170	173	176	178	182	185	187	190	191	193	196	198	199	200	203	204	205	208	210	211	214	215	216	218	219	220	223	224	232	240	245	247	248	252	253
140	Lowell.John	10	0;0	0	0;432	248;0	1	2	3	9	10	13	16	27	38	43	44	45	46	47	49	50	57	58	68	76	77	92	95	104	108	111	114	130	131	133	150	154	156	160	169	171	174	175	177	193	194	199	202	207	209	221	222	223	224	226	227	229	232	235	241	251	253
141	Machin.Thomas	10	0;255	255	0;117	257;10	11	13	17	22	23	24	25	28	35	39	42	46	51	53	54	55	57	58	59	62	65	71	73	74	75	78	79	85	86	87	89	92	94	99	102	103	105	109	112	115	116	117	118	119	120	121	134	136	138	139	143	144	151	153	156	158	159	161	162	168	170	173	176	178	182	185	187	190	191	193	196	198	199	200	203	204	205	208	210	211	214	215	216	218	219	220	223	224	232	240	245	247	248	252	253
142	Mackay.William	10	0;0	0	255;207	45;1	3	10	19	21	50	63	68	95	96	106	156	166	183	189	197	225	235	239	253
143	MacKintosh.Capt	10	0;255	255	0;118	261;10	11	13	17	22	23	24	25	28	35	39	42	46	51	53	54	55	57	58	59	62	65	71	73	74	75	78	79	85	86	87	89	92	94	99	102	103	105	109	112	115	116	117	118	119	120	121	134	136	138	139	141	144	151	153	156	158	159	161	162	168	170	173	176	178	182	185	187	190	191	193	196	198	199	200	203	204	205	208	210	211	214	215	216	218	219	220	223	224	232	240	245	247	248	252	253
144	MacNeil.Archibald	10	0;255	255	0;118	264;10	11	13	17	22	23	24	25	28	35	39	42	46	51	53	54	55	57	58	59	62	65	71	73	74	75	78	79	85	86	87	89	92	94	99	102	103	105	109	112	115	116	117	118	119	120	121	134	136	138	139	141	143	151	153	156	158	159	161	162	168	170	173	176	178	182	185	187	190	191	193	196	198	199	200	203	204	205	208	210	211	214	215	216	218	219	220	223	224	232	240	245	247	248	252	253
145	Marett.Phillip	10	0;255	0	0;343	505;4	12	14	15	26	32	36	37	40	41	48	56	61	69	72	80	82	90	91	93	98	107	110	122	125	127	128	132	137	146	152	155	157	163	165	167	176	179	188	195	199	206	212	217	228	232	235	236	237	238	242	249
146	Marlton.John	10	0;255	0	0;337	499;4	12	14	15	26	32	36	37	40	41	48	56	61	69	72	80	82	90	91	93	98	107	110	122	125	127	128	132	137	145	152	155	157	163	165	167	176	179	188	195	199	206	212	217	228	232	235	236	237	238	242	249
147	Marshall.Thomas	10	0;0	255	0;195	509;1	5	6	7	8	10	12	13	18	19	20	21	29	30	31	33	34	46	47	50	58	63	64	66	74	84	88	92	95	96	97	100	101	113	123	124	126	129	148	149	164	171	172	181	184	186	189	192	193	194	199	201	202	233	234	235	239	243	244	246	251
148	Marson.John	10	0;0	255	0;189	512;1	5	6	7	8	10	12	13	18	19	20	21	29	30	31	33	34	46	47	50	58	63	64	66	74	84	88	92	95	96	97	100	101	113	123	124	126	129	147	149	164	171	172	181	184	186	189	192	193	194	199	201	202	233	234	235	239	243	244	246	251
149	Mason.Jonathan	10	0;0	255	0;182	514;1	5	6	7	8	10	12	13	18	19	20	21	29	30	31	33	34	46	47	50	58	63	64	66	74	84	88	92	95	96	97	100	101	113	123	124	126	129	147	148	164	171	172	181	184	186	189	192	193	194	199	201	202	233	234	235	239	243	244	246	251
150	Matchett.John	10	0;0	0	0;437	239;0	1	2	3	9	10	13	16	27	38	43	44	45	46	47	49	50	57	58	68	76	77	92	95	104	108	111	114	130	131	133	140	154	156	160	169	171	174	175	177	193	194	199	202	207	209	221	222	223	224	226	227	229	232	235	241	251	253
151	May.John	10	0;255	255	0;119	268;10	11	13	17	22	23	24	25	28	35	39	42	46	51	53	54	55	57	58	59	62	65	71	73	74	75	78	79	85	86	87	89	92	94	99	102	103	105	109	112	115	116	117	118	119	120	121	134	136	138	139	141	143	144	153	156	158	159	161	162	168	170	173	176	178	182	185	187	190	191	193	196	198	199	200	203	204	205	208	210	211	214	215	216	218	219	220	223	224	232	240	245	247	248	252	253
152	McAlpine.William	10	0;255	0	0;298	514;4	12	14	15	26	32	36	37	40	41	48	56	61	69	72	80	82	90	91	93	98	107	110	122	125	127	128	132	137	145	146	155	157	163	165	167	176	179	188	195	199	206	212	217	228	232	235	236	237	238	242	249
153	Melville.Thomas	10	0;255	255	0;119	272;10	11	13	17	22	23	24	25	28	35	39	42	46	51	53	54	55	57	58	59	62	65	71	73	74	75	78	79	85	86	87	89	92	94	99	102	103	105	109	112	115	116	117	118	119	120	121	134	136	138	139	141	143	144	151	156	158	159	161	162	168	170	173	176	178	182	185	187	190	191	193	196	198	199	200	203	204	205	208	210	211	214	215	216	218	219	220	223	224	232	240	245	247	248	252	253
154	Merrit.John	10	0;0	0	0;443	231;0	1	2	3	9	10	13	16	27	38	43	44	45	46	47	49	50	57	58	68	76	77	92	95	104	108	111	114	130	131	133	140	150	156	160	169	171	174	175	177	193	194	199	202	207	209	221	222	223	224	226	227	229	232	235	241	251	253
155	Milliken.Thomas	10	0;255	0	0;324	532;4	12	14	15	26	32	36	37	40	41	48	56	61	69	72	80	82	90	91	93	98	107	110	122	125	127	128	132	137	145	146	152	157	163	165	167	176	179	188	195	199	206	212	217	228	232	235	236	237	238	242	249
156	Molineux.William	10	0;255	255	0;119	276;0	1	2	3	9	10	11	13	16	17	19	21	22	23	24	25	27	28	35	38	39	42	43	44	45	46	47	49	50	51	53	54	55	57	58	59	62	63	65	68	71	73	74	75	76	77	78	79	85	86	87	89	92	94	95	96	99	102	103	104	105	106	108	109	111	112	114	115	116	117	118	119	120	121	130	131	133	134	136	138	139	140	141	142	143	144	150	151	153	154	158	159	160	161	162	166	168	169	170	171	173	174	175	176	177	178	182	183	185	187	189	190	191	193	194	196	197	198	199	200	202	203	204	205	207	208	209	210	211	214	215	216	218	219	220	221	222	223	224	225	226	227	229	232	235	239	240	241	245	247	248	251	252	253
157	Moody.Samuel	10	0;255	0	0;307	479;4	12	14	15	26	32	36	37	40	41	48	56	61	69	72	80	82	90	91	93	98	107	110	122	125	127	128	132	137	145	146	152	155	163	165	167	176	179	188	195	199	206	212	217	228	232	235	236	237	238	242	249
158	Moore.Thomas	10	0;255	255	0;118	280;10	11	13	17	22	23	24	25	28	35	39	42	46	51	53	54	55	57	58	59	62	65	71	73	74	75	78	79	85	86	87	89	92	94	99	102	103	105	109	112	115	116	117	118	119	120	121	134	136	138	139	141	143	144	151	153	156	159	161	162	168	170	173	176	178	182	185	187	190	191	193	196	198	199	200	203	204	205	208	210	211	214	215	216	218	219	220	223	224	232	240	245	247	248	252	253
159	Morse.Anthony	10	0;255	255	0;118	284;10	11	13	17	22	23	24	25	28	35	39	42	46	51	53	54	55	57	58	59	62	65	71	73	74	75	78	79	85	86	87	89	92	94	99	102	103	105	109	112	115	116	117	118	119	120	121	134	136	138	139	141	143	144	151	153	156	158	161	162	168	170	173	176	178	182	185	187	190	191	193	196	198	199	200	203	204	205	208	210	211	214	215	216	218	219	220	223	224	232	240	245	247	248	252	253
160		10	0;0	0	0;451	224;0	1	2	3	9	10	13	16	27	38	43	44	45	46	47	49	50	57	58	68	76	77	92	95	104	108	111	114	130	131	133	140	150	154	156	169	171	174	175	177	193	194	199	202	207	209	221	222	223	224	226	227	229	232	235	241	251	253
161	Mountford.Joseph	10	0;255	255	0;117	287;10	11	13	17	22	23	24	25	28	35	39	42	46	51	53	54	55	57	58	59	62	65	71	73	74	75	78	79	85	86	87	89	92	94	99	102	103	105	109	112	115	116	117	118	119	120	121	134	136	138	139	141	143	144	151	153	156	158	159	162	168	170	173	176	178	182	185	187	190	191	193	196	198	199	200	203	204	205	208	210	211	214	215	216	218	219	220	223	224	232	240	245	247	248	252	253
162	Newell.Eliphelet	10	0;255	255	0;116	291;10	11	13	17	22	23	24	25	28	35	39	42	46	51	53	54	55	57	58	59	62	65	71	73	74	75	78	79	85	86	87	89	92	94	99	102	103	105	109	112	115	116	117	118	119	120	121	134	136	138	139	141	143	144	151	153	156	158	159	161	168	170	173	176	178	182	185	187	190	191	193	196	198	199	200	203	204	205	208	210	211	214	215	216	218	219	220	223	224	232	240	245	247	248	252	253
163	Nicholls.Unknown	10	0;255	0	0;386	359;4	12	14	15	26	32	36	37	40	41	48	56	61	69	72	80	82	90	91	93	98	107	110	122	125	127	128	132	137	145	146	152	155	157	165	167	176	179	188	195	199	206	212	217	228	232	235	236	237	238	242	249
164	Noyces.Nat	10	0;0	255	0;176	516;1	5	6	7	8	10	12	13	18	19	20	21	29	30	31	33	34	46	47	50	58	63	64	66	74	84	88	92	95	96	97	100	101	113	123	124	126	129	147	148	149	171	172	181	184	186	189	192	193	194	199	201	202	233	234	235	239	243	244	246	251
165	Obear.Israel	10	0;255	0	0;423	483;4	12	14	15	26	32	36	37	40	41	48	56	61	69	72	80	82	90	91	93	98	107	110	122	125	127	128	132	137	145	146	152	155	157	163	167	176	179	188	195	199	206	212	217	228	232	235	236	237	238	242	249
166	Otis.James	10	0;255	0	255;428	52;0	1	3	10	19	21	50	59	60	63	67	68	70	83	95	96	101	106	135	142	156	180	183	189	197	199	225	231	235	239	250	253
167	Palfrey.William	10	0;255	0	0;320	457;4	12	14	15	26	32	36	37	40	41	48	56	61	69	72	80	82	90	91	93	98	107	110	122	125	127	128	132	137	145	146	152	155	157	163	165	176	179	188	195	199	206	212	217	228	232	235	236	237	238	242	249
168	Palmer.Joseph	10	0;255	255	0;114	295;10	11	13	17	22	23	24	25	28	35	39	42	46	51	53	54	55	57	58	59	62	65	71	73	74	75	78	79	85	86	87	89	92	94	99	102	103	105	109	112	115	116	117	118	119	120	121	134	136	138	139	141	143	144	151	153	156	158	159	161	162	170	173	176	178	182	185	187	190	191	193	196	198	199	200	203	204	205	208	210	211	214	215	216	218	219	220	223	224	232	240	245	247	248	252	253
169	Palms.Richard	10	0;0	0	0;459	219;0	1	2	3	9	10	13	16	27	38	43	44	45	46	47	49	50	57	58	68	76	77	92	95	104	108	111	114	130	131	133	140	150	154	156	160	171	174	175	177	193	194	199	202	207	209	221	222	223	224	226	227	229	232	235	241	251	253
170	Parker.Jonathan	10	0;255	255	0;113	298;10	11	13	17	22	23	24	25	28	35	39	42	46	51	53	54	55	57	58	59	62	65	71	73	74	75	78	79	85	86	87	89	92	94	99	102	103	105	109	112	115	116	117	118	119	120	121	134	136	138	139	141	143	144	151	153	156	158	159	161	162	168	173	176	178	182	185	187	190	191	193	196	198	199	200	203	204	205	208	210	211	214	215	216	218	219	220	223	224	232	240	245	247	248	252	253
171	Parkman.Elias	10	0;0	255	0;169	517;0	1	2	3	5	6	7	8	9	10	12	13	16	18	19	20	21	27	29	30	31	33	34	38	43	44	45	46	47	49	50	57	58	63	64	66	68	74	76	77	84	88	92	95	96	97	100	101	104	108	111	113	114	123	124	126	129	130	131	133	140	147	148	149	150	154	156	160	164	169	172	174	175	177	181	184	186	189	192	193	194	199	201	202	207	209	221	222	223	224	226	227	229	232	233	234	235	239	241	243	244	246	251	253
172	Partridge.Sam	10	0;0	255	0;162	517;1	5	6	7	8	10	12	13	18	19	20	21	29	30	31	33	34	46	47	50	58	63	64	66	74	84	88	92	95	96	97	100	101	113	123	124	126	129	147	148	149	164	171	181	184	186	189	192	193	194	199	201	202	233	234	235	239	243	244	246	251
173	Payson.Joseph	10	0;255	255	0;111	302;10	11	13	17	22	23	24	25	28	35	39	42	46	51	53	54	55	57	58	59	62	65	71	73	74	75	78	79	85	86	87	89	92	94	99	102	103	105	109	112	115	116	117	118	119	120	121	134	136	138	139	141	143	144	151	153	156	158	159	161	162	168	170	176	178	182	185	187	190	191	193	196	198	199	200	203	204	205	208	210	211	214	215	216	218	219	220	223	224	232	240	245	247	248	252	253
174	Pearce.IsaacJun	10	0;0	0	0;269	261;0	1	2	3	9	10	13	16	27	38	43	44	45	46	47	49	50	57	58	68	76	77	92	95	104	108	111	114	130	131	133	140	150	154	156	160	169	171	175	177	193	194	199	202	207	209	221	222	223	224	226	227	229	232	235	241	251	253
175	Pearce.Isaac	10	0;0	0	0;497	165;0	1	2	3	9	10	13	16	27	38	43	44	45	46	47	49	50	57	58	68	76	77	92	95	104	108	111	114	130	131	133	140	150	154	156	160	169	171	174	177	193	194	199	202	207	209	221	222	223	224	226	227	229	232	235	241	251	253
176	Peck.Samuel	10	0;255	255	0;109	305;4	10	11	12	13	14	15	17	22	23	24	25	26	28	32	35	36	37	39	40	41	42	46	48	51	53	54	55	56	57	58	59	61	62	65	69	71	72	73	74	75	78	79	80	82	85	86	87	89	90	91	92	93	94	98	99	102	103	105	107	109	110	112	115	116	117	118	119	120	121	122	125	127	128	132	134	136	137	138	139	141	143	144	145	146	151	152	153	155	156	157	158	159	161	162	163	165	167	168	170	173	178	179	182	185	187	188	190	191	193	195	196	198	199	200	203	204	205	206	208	210	211	212	214	215	216	217	218	219	220	223	224	228	232	235	236	237	238	240	242	245	247	248	249	252	253
177	Peck.Thomas	10	0;0	0	0;525	174;0	1	2	3	9	10	13	16	27	38	43	44	45	46	47	49	50	57	58	68	76	77	92	95	104	108	111	114	130	131	133	140	150	154	156	160	169	171	174	175	193	194	199	202	207	209	221	222	223	224	226	227	229	232	235	241	251	253
178	Peters.John	10	0;255	255	0;107	308;10	11	13	17	22	23	24	25	28	35	39	42	46	51	53	54	55	57	58	59	62	65	71	73	74	75	78	79	85	86	87	89	92	94	99	102	103	105	109	112	115	116	117	118	119	120	121	134	136	138	139	141	143	144	151	153	156	158	159	161	162	168	170	173	176	182	185	187	190	191	193	196	198	199	200	203	204	205	208	210	211	214	215	216	218	219	220	223	224	232	240	245	247	248	252	253
179	Phillips.John	10	0;255	0	0;291	460;4	12	14	15	26	32	36	37	40	41	48	56	61	69	72	80	82	90	91	93	98	107	110	122	125	127	128	132	137	145	146	152	155	157	163	165	167	176	188	195	199	206	212	217	228	232	235	236	237	238	242	249
180	Phillips.Samuel	10	0;255	0	255;439	87;0	1	50	59	60	67	70	83	101	135	166	197	199	231	235	250
181	Phillips.William	10	0;0	255	0;155	516;1	5	6	7	8	10	12	13	18	19	20	21	29	30	31	33	34	46	47	50	58	63	64	66	74	84	88	92	95	96	97	100	101	113	123	124	126	129	147	148	149	164	171	172	184	186	189	192	193	194	199	201	202	233	234	235	239	243	244	246	251
182	Pierce.William	10	0;255	255	0;104	311;10	11	13	17	22	23	24	25	28	35	39	42	46	51	53	54	55	57	58	59	62	65	71	73	74	75	78	79	85	86	87	89	92	94	99	102	103	105	109	112	115	116	117	118	119	120	121	134	136	138	139	141	143	144	151	153	156	158	159	161	162	168	170	173	176	178	185	187	190	191	193	196	198	199	200	203	204	205	208	210	211	214	215	216	218	219	220	223	224	232	240	245	247	248	252	253
183	Pierpont.Robert	10	0;0	0	255;225	87;1	3	10	19	21	50	63	68	95	96	106	142	156	166	189	197	225	235	239	253
184	Pitts.John	10	0;0	255	0;148	514;1	5	6	7	8	10	12	13	18	19	20	21	29	30	31	33	34	46	47	50	58	63	64	66	74	84	88	92	95	96	97	100	101	113	123	124	126	129	147	148	149	164	171	172	181	186	189	192	193	194	199	201	202	233	234	235	239	243	244	246	251
185	Pitts.Lendall	10	0;255	255	0;102	314;10	11	13	17	22	23	24	25	28	35	39	42	46	51	53	54	55	57	58	59	62	65	71	73	74	75	78	79	85	86	87	89	92	94	99	102	103	105	109	112	115	116	117	118	119	120	121	134	136	138	139	141	143	144	151	153	156	158	159	161	162	168	170	173	176	178	182	187	190	191	193	196	198	199	200	203	204	205	208	210	211	214	215	216	218	219	220	223	224	232	240	245	247	248	252	253
186	Pitts.Samuel	10	0;0	255	0;142	512;1	5	6	7	8	10	12	13	18	19	20	21	29	30	31	33	34	46	47	50	58	63	64	66	74	84	88	92	95	96	97	100	101	113	123	124	126	129	147	148	149	164	171	172	181	184	189	192	193	194	199	201	202	233	234	235	239	243	244	246	251
187	Porter.Thomas	10	0;255	255	0;99	317;10	11	13	17	22	23	24	25	28	35	39	42	46	51	53	54	55	57	58	59	62	65	71	73	74	75	78	79	85	86	87	89	92	94	99	102	103	105	109	112	115	116	117	118	119	120	121	134	136	138	139	141	143	144	151	153	156	158	159	161	162	168	170	173	176	178	182	185	190	191	193	196	198	199	200	203	204	205	208	210	211	214	215	216	218	219	220	223	224	232	240	245	247	248	252	253
188	Potter.Edward	10	0;255	0	0;322	442;4	12	14	15	26	32	36	37	40	41	48	56	61	69	72	80	82	90	91	93	98	107	110	122	125	127	128	132	137	145	146	152	155	157	163	165	167	176	179	195	199	206	212	217	228	232	235	236	237	238	242	249
189	Powell.William	10	0;0	255	0;207	520;1	3	5	6	7	8	10	12	13	18	19	20	21	29	30	31	33	34	46	47	50	58	63	64	66	68	74	84	88	92	95	96	97	100	101	106	113	123	124	126	129	142	147	148	149	156	164	166	171	172	181	183	184	186	192	193	194	197	199	201	202	225	233	234	235	239	243	244	246	251	253
190	Prentiss.Henry	10	0;255	255	0;96	319;10	11	13	17	22	23	24	25	28	35	39	42	46	51	53	54	55	57	58	59	62	65	71	73	74	75	78	79	85	86	87	89	92	94	99	102	103	105	109	112	115	116	117	118	119	120	121	134	136	138	139	141	143	144	151	153	156	158	159	161	162	168	170	173	176	178	182	185	187	191	193	196	198	199	200	203	204	205	208	210	211	214	215	216	218	219	220	223	224	232	240	245	247	248	252	253
191	Prince.John	10	0;255	255	0;93	322;10	11	13	17	22	23	24	25	28	35	39	42	46	51	53	54	55	57	58	59	62	65	71	73	74	75	78	79	85	86	87	89	92	94	99	102	103	105	109	112	115	116	117	118	119	120	121	134	136	138	139	141	143	144	151	153	156	158	159	161	162	168	170	173	176	178	182	185	187	190	193	196	198	199	200	203	204	205	208	210	211	214	215	216	218	219	220	223	224	232	240	245	247	248	252	253
192	Prince.Job	10	0;0	255	0;74	534;1	5	6	7	8	10	12	13	18	19	20	21	29	30	31	33	34	46	47	50	58	63	64	66	74	84	88	92	95	96	97	100	101	113	123	124	126	129	147	148	149	164	171	172	181	184	186	189	193	194	199	201	202	233	234	235	239	243	244	246	251
193	Proctor.Edward	10	0;255	255	0;90	324;0	1	2	3	5	6	7	8	9	10	11	12	13	16	17	18	19	20	21	22	23	24	25	27	28	29	30	31	33	34	35	38	39	42	43	44	45	46	47	49	50	51	53	54	55	57	58	59	62	63	64	65	66	68	71	73	74	75	76	77	78	79	84	85	86	87	88	89	92	94	95	96	97	99	100	101	102	103	104	105	108	109	111	112	113	114	115	116	117	118	119	120	121	123	124	126	129	130	131	133	134	136	138	139	140	141	143	144	147	148	149	150	151	153	154	156	158	159	160	161	162	164	168	169	170	171	172	173	174	175	176	177	178	181	182	184	185	186	187	189	190	191	192	194	196	198	199	200	201	202	203	204	205	207	208	209	210	211	214	215	216	218	219	220	221	222	223	224	226	227	229	232	233	234	235	239	240	241	243	244	245	246	247	248	251	252	253
194	Pulling.John	10	0;0	255	0;287	348;0	1	2	3	5	6	7	8	9	10	12	13	16	18	19	20	21	27	29	30	31	33	34	38	43	44	45	46	47	49	50	57	58	63	64	66	68	74	76	77	84	88	92	95	96	97	100	101	104	108	111	113	114	123	124	126	129	130	131	133	140	147	148	149	150	154	156	160	164	169	171	172	174	175	177	181	184	186	189	192	193	199	201	202	207	209	221	222	223	224	226	227	229	232	233	234	235	239	241	243	244	246	251	253
195	Pulling.Richard	10	0;255	0	0;324	434;4	12	14	15	26	32	36	37	40	41	48	56	61	69	72	80	82	90	91	93	98	107	110	122	125	127	128	132	137	145	146	152	155	157	163	165	167	176	179	188	199	206	212	217	228	232	235	236	237	238	242	249
196	Purkitt.Henry	10	0;255	255	0;86	325;10	11	13	17	22	23	24	25	28	35	39	42	46	51	53	54	55	57	58	59	62	65	71	73	74	75	78	79	85	86	87	89	92	94	99	102	103	105	109	112	115	116	117	118	119	120	121	134	136	138	139	141	143	144	151	153	156	158	159	161	162	168	170	173	176	178	182	185	187	190	191	193	198	199	200	203	204	205	208	210	211	214	215	216	218	219	220	223	224	232	240	245	247	248	252	253
197	Quincy.Josiah	10	0;255	0	255;428	122;0	1	3	10	19	21	50	59	60	63	67	68	70	83	95	96	101	106	135	142	156	166	180	183	189	199	225	231	235	239	250	253
198	Randall.John	10	0;255	255	0;83	327;10	11	13	17	22	23	24	25	28	35	39	42	46	51	53	54	55	57	58	59	62	65	71	73	74	75	78	79	85	86	87	89	92	94	99	102	103	105	109	112	115	116	117	118	119	120	121	134	136	138	139	141	143	144	151	153	156	158	159	161	162	168	170	173	176	178	182	185	187	190	191	193	196	199	200	203	204	205	208	210	211	214	215	216	218	219	220	223	224	232	240	245	247	248	252	253
199	Revere.Paul	10	0;255	255	0;79	328;0	1	2	3	4	5	6	7	8	9	10	11	12	13	14	15	16	17	18	19	20	21	22	23	24	25	26	27	28	29	30	31	32	33	34	35	36	37	38	39	40	41	42	43	44	45	46	47	48	49	50	51	53	54	55	56	57	58	59	60	61	62	63	64	65	66	67	68	69	70	71	72	73	74	75	76	77	78	79	80	82	83	84	85	86	87	88	89	90	91	92	93	94	95	96	97	98	99	100	101	102	103	104	105	107	108	109	110	111	112	113	114	115	116	117	118	119	120	121	122	123	124	125	126	127	128	129	130	131	132	133	134	135	136	137	138	139	140	141	143	144	145	146	147	148	149	150	151	152	153	154	155	156	157	158	159	160	161	162	163	164	165	166	167	168	169	170	171	172	173	174	175	176	177	178	179	180	181	182	184	185	186	187	188	189	190	191	192	193	194	195	196	197	198	200	201	202	203	204	205	206	207	208	209	210	211	212	214	215	216	217	218	219	220	221	222	223	224	226	227	228	229	231	232	233	234	235	236	237	238	239	240	241	242	243	244	245	246	247	248	249	250	251	252	253
200	Roby.Joseph	10	0;255	255	0;75	330;10	11	13	17	22	23	24	25	28	35	39	42	46	51	53	54	55	57	58	59	62	65	71	73	74	75	78	79	85	86	87	89	92	94	99	102	103	105	109	112	115	116	117	118	119	120	121	134	136	138	139	141	143	144	151	153	156	158	159	161	162	168	170	173	176	178	182	185	187	190	191	193	196	198	199	203	204	205	208	210	211	214	215	216	218	219	220	223	224	232	240	245	247	248	252	253
201	Roylson.Thomas	10	0;0	255	0;19	509;1	5	6	7	8	10	12	13	18	19	20	21	29	30	31	33	34	46	47	50	58	63	64	66	74	84	88	92	95	96	97	100	101	113	123	124	126	129	147	148	149	164	171	172	181	184	186	189	192	193	194	199	202	233	234	235	239	243	244	246	251
202	Ruddock.Abiel	10	0;0	255	0;231	406;0	1	2	3	5	6	7	8	9	10	12	13	16	18	19	20	21	27	29	30	31	33	34	38	43	44	45	46	47	49	50	57	58	63	64	66	68	74	76	77	84	88	92	95	96	97	100	101	104	108	111	113	114	123	124	126	129	130	131	133	140	147	148	149	150	154	156	160	164	169	171	172	174	175	177	181	184	186	189	192	193	194	199	201	207	209	221	222	223	224	226	227	229	232	233	234	235	239	241	243	244	246	251	253
203	Russell.John	10	0;255	255	0;72	331;10	11	13	17	22	23	24	25	28	35	39	42	46	51	53	54	55	57	58	59	62	65	71	73	74	75	78	79	85	86	87	89	92	94	99	102	103	105	109	112	115	116	117	118	119	120	121	134	136	138	139	141	143	144	151	153	156	158	159	161	162	168	170	173	176	178	182	185	187	190	191	193	196	198	199	200	204	205	208	210	211	214	215	216	218	219	220	223	224	232	240	245	247	248	252	253
204	Russell.William	10	0;255	255	0;68	331;10	11	13	17	22	23	24	25	28	35	39	42	46	51	53	54	55	57	58	59	62	65	71	73	74	75	78	79	85	86	87	89	92	94	99	102	103	105	109	112	115	116	117	118	119	120	121	134	136	138	139	141	143	144	151	153	156	158	159	161	162	168	170	173	176	178	182	185	187	190	191	193	196	198	199	200	203	205	208	210	211	214	215	216	218	219	220	223	224	232	240	245	247	248	252	253
205	Sessions.Robert	10	0;255	255	0;64	332;10	11	13	17	22	23	24	25	28	35	39	42	46	51	53	54	55	57	58	59	62	65	71	73	74	75	78	79	85	86	87	89	92	94	99	102	103	105	109	112	115	116	117	118	119	120	121	134	136	138	139	141	143	144	151	153	156	158	159	161	162	168	170	173	176	178	182	185	187	190	191	193	196	198	199	200	203	204	208	210	211	214	215	216	218	219	220	223	224	232	240	245	247	248	252	253
206	Seward.James	10	0;255	0	0;334	411;4	12	14	15	26	32	36	37	40	41	48	56	61	69	72	80	82	90	91	93	98	107	110	122	125	127	128	132	137	145	146	152	155	157	163	165	167	176	179	188	195	199	212	217	228	232	235	236	237	238	242	249
207	Sharp.Gibbens	10	0;0	0	0;499	214;0	1	2	3	9	10	13	16	27	38	43	44	45	46	47	49	50	57	58	68	76	77	92	95	104	108	111	114	130	131	133	140	150	154	156	160	169	171	174	175	177	193	194	199	202	209	221	222	223	224	226	227	229	232	235	241	251	253
208	Shed.Joseph	10	0;255	255	0;60	332;10	11	13	17	22	23	24	25	28	35	39	42	46	51	53	54	55	57	58	59	62	65	71	73	74	75	78	79	85	86	87	89	92	94	99	102	103	105	109	112	115	116	117	118	119	120	121	134	136	138	139	141	143	144	151	153	156	158	159	161	162	168	170	173	176	178	182	185	187	190	191	193	196	198	199	200	203	204	205	210	211	214	215	216	218	219	220	223	224	232	240	245	247	248	252	253
209	Sigourney.John	10	0;0	0	0;536	190;0	1	2	3	9	10	13	16	27	38	43	44	45	46	47	49	50	57	58	68	76	77	92	95	104	108	111	114	130	131	133	140	150	154	156	160	169	171	174	175	177	193	194	199	202	207	221	222	223	224	226	227	229	232	235	241	251	253
210	Simpson.Benjamin	10	0;255	255	0;56	332;10	11	13	17	22	23	24	25	28	35	39	42	46	51	53	54	55	57	58	59	62	65	71	73	74	75	78	79	85	86	87	89	92	94	99	102	103	105	109	112	115	116	117	118	119	120	121	134	136	138	139	141	143	144	151	153	156	158	159	161	162	168	170	173	176	178	182	185	187	190	191	193	196	198	199	200	203	204	205	208	211	214	215	216	218	219	220	223	224	232	240	245	247	248	252	253
211	Slater.Peter	10	0;255	255	0;52	332;10	11	13	17	22	23	24	25	28	35	39	42	46	51	53	54	55	57	58	59	62	65	71	73	74	75	78	79	85	86	87	89	92	94	99	102	103	105	109	112	115	116	117	118	119	120	121	134	136	138	139	141	143	144	151	153	156	158	159	161	162	168	170	173	176	178	182	185	187	190	191	193	196	198	199	200	203	204	205	208	210	214	215	216	218	219	220	223	224	232	240	245	247	248	252	253
212	Sloper.Ambrose	10	0;255	0	0;405	445;4	12	14	15	26	32	36	37	40	41	48	56	61	69	72	80	82	90	91	93	98	107	110	122	125	127	128	132	137	145	146	152	155	157	163	165	167	176	179	188	195	199	206	217	228	232	235	236	237	238	242	249
213	Smith.John	10	0;0	0	255;207	129;7	13	46	52	61	76	81	230	238
214	Spear.Thomas	10	0;255	255	0;49	331;10	11	13	17	22	23	24	25	28	35	39	42	46	51	53	54	55	57	58	59	62	65	71	73	74	75	78	79	85	86	87	89	92	94	99	102	103	105	109	112	115	116	117	118	119	120	121	134	136	138	139	141	143	144	151	153	156	158	159	161	162	168	170	173	176	178	182	185	187	190	191	193	196	198	199	200	203	204	205	208	210	211	215	216	218	219	220	223	224	232	240	245	247	248	252	253
215	Sprague.Samuel	10	0;255	255	0;45	330;10	11	13	17	22	23	24	25	28	35	39	42	46	51	53	54	55	57	58	59	62	65	71	73	74	75	78	79	85	86	87	89	92	94	99	102	103	105	109	112	115	116	117	118	119	120	121	134	136	138	139	141	143	144	151	153	156	158	159	161	162	168	170	173	176	178	182	185	187	190	191	193	196	198	199	200	203	204	205	208	210	211	214	216	218	219	220	223	224	232	240	245	247	248	252	253
216	Spurr.John	10	0;255	255	0;41	329;10	11	13	17	22	23	24	25	28	35	39	42	46	51	53	54	55	57	58	59	62	65	71	73	74	75	78	79	85	86	87	89	92	94	99	102	103	105	109	112	115	116	117	118	119	120	121	134	136	138	139	141	143	144	151	153	156	158	159	161	162	168	170	173	176	178	182	185	187	190	191	193	196	198	199	200	203	204	205	208	210	211	214	215	218	219	220	223	224	232	240	245	247	248	252	253
217	Stanbridge.Henry	10	0;255	0	0;312	408;4	12	14	15	26	32	36	37	40	41	48	56	61	69	72	80	82	90	91	93	98	107	110	122	125	127	128	132	137	145	146	152	155	157	163	165	167	176	179	188	195	199	206	212	228	232	235	236	237	238	242	249
218	Starr.James	10	0;255	255	0;37	328;10	11	13	17	22	23	24	25	28	35	39	42	46	51	53	54	55	57	58	59	62	65	71	73	74	75	78	79	85	86	87	89	92	94	99	102	103	105	109	112	115	116	117	118	119	120	121	134	136	138	139	141	143	144	151	153	156	158	159	161	162	168	170	173	176	178	182	185	187	190	191	193	196	198	199	200	203	204	205	208	210	211	214	215	216	219	220	223	224	232	240	245	247	248	252	253
219	Stearns.Phineas	10	0;255	255	0;34	326;10	11	13	17	22	23	24	25	28	35	39	42	46	51	53	54	55	57	58	59	62	65	71	73	74	75	78	79	85	86	87	89	92	94	99	102	103	105	109	112	115	116	117	118	119	120	121	134	136	138	139	141	143	144	151	153	156	158	159	161	162	168	170	173	176	178	182	185	187	190	191	193	196	198	199	200	203	204	205	208	210	211	214	215	216	218	220	223	224	232	240	245	247	248	252	253
220	er	10	0;255	255	0;30	325;10	11	13	17	22	23	24	25	28	35	39	42	46	51	53	54	55	57	58	59	62	65	71	73	74	75	78	79	85	86	87	89	92	94	99	102	103	105	109	112	115	116	117	118	119	120	121	134	136	138	139	141	143	144	151	153	156	158	159	161	162	168	170	173	176	178	182	185	187	190	191	193	196	198	199	200	203	204	205	208	210	211	214	215	216	218	219	223	224	232	240	245	247	248	252	253
221	Stoddard.Asa	10	0;0	0	0;518	221;0	1	2	3	9	10	13	16	27	38	43	44	45	46	47	49	50	57	58	68	76	77	92	95	104	108	111	114	130	131	133	140	150	154	156	160	169	171	174	175	177	193	194	199	202	207	209	222	223	224	226	227	229	232	235	241	251	253
222	Stoddard.Jonathan	10	0;0	0	0;526	227;0	1	2	3	9	10	13	16	27	38	43	44	45	46	47	49	50	57	58	68	76	77	92	95	104	108	111	114	130	131	133	140	150	154	156	160	169	171	174	175	177	193	194	199	202	207	209	221	223	224	226	227	229	232	235	241	251	253
223	Story.Elisha	10	0;255	255	0;27	323;0	1	2	3	9	10	11	13	16	17	22	23	24	25	27	28	35	38	39	42	43	44	45	46	47	49	50	51	53	54	55	57	58	59	62	65	68	71	73	74	75	76	77	78	79	85	86	87	89	92	94	95	99	102	103	104	105	108	109	111	112	114	115	116	117	118	119	120	121	130	131	133	134	136	138	139	140	141	143	144	150	151	153	154	156	158	159	160	161	162	168	169	170	171	173	174	175	176	177	178	182	185	187	190	191	193	194	196	198	199	200	202	203	204	205	207	208	209	210	211	214	215	216	218	219	220	221	222	224	226	227	229	232	235	240	241	245	247	248	251	252	253
224	Swan.James	10	0;255	255	0;24	320;0	1	2	3	9	10	11	13	16	17	22	23	24	25	27	28	35	38	39	42	43	44	45	46	47	49	50	51	53	54	55	57	58	59	62	65	68	71	73	74	75	76	77	78	79	85	86	87	89	92	94	95	99	102	103	104	105	108	109	111	112	114	115	116	117	118	119	120	121	130	131	133	134	136	138	139	140	141	143	144	150	151	153	154	156	158	159	160	161	162	168	169	170	171	173	174	175	176	177	178	182	185	187	190	191	193	194	196	198	199	200	202	203	204	205	207	208	209	210	211	214	215	216	218	219	220	221	222	223	226	227	229	232	235	240	241	245	247	248	251	252	253
225	Sweetser.John	10	0;0	0	255;165	147;1	3	10	19	21	50	63	68	95	96	106	142	156	166	183	189	197	235	239	253
226	Symmes.Eben	10	0;0	0	0;533	235;0	1	2	3	9	10	13	16	27	38	43	44	45	46	47	49	50	57	58	68	76	77	92	95	104	108	111	114	130	131	133	140	150	154	156	160	169	171	174	175	177	193	194	199	202	207	209	221	222	223	224	227	229	232	235	241	251	253
227	Symmes.John	10	0;0	0	0;550	217;0	1	2	3	9	10	13	16	27	38	43	44	45	46	47	49	50	57	58	68	76	77	92	95	104	108	111	114	130	131	133	140	150	154	156	160	169	171	174	175	177	193	194	199	202	207	209	221	222	223	224	226	229	232	235	241	251	253
228	Tabor.Philip	10	0;255	0	0;343	410;4	12	14	15	26	32	36	37	40	41	48	56	61	69	72	80	82	90	91	93	98	107	110	122	125	127	128	132	137	145	146	152	155	157	163	165	167	176	179	188	195	199	206	212	217	232	235	236	237	238	242	249
229	Tileston.Thomas	10	0;0	0	0;542	252;0	1	2	3	9	10	13	16	27	38	43	44	45	46	47	49	50	57	58	68	76	77	92	95	104	108	111	114	130	131	133	140	150	154	156	160	169	171	174	175	177	193	194	199	202	207	209	221	222	223	224	226	227	232	235	241	251	253
230	Trott.George	10	0;0	0	255;123	129;7	13	46	52	61	76	81	213	238
231	Tyler.Royall	10	0;255	0	255;398	144;0	1	50	59	60	67	70	83	101	135	166	180	197	199	235	250
232	Urann.Thomas	10	0;255	255	0;21	318;0	1	2	3	4	9	10	11	12	13	14	15	16	17	22	23	24	25	26	27	28	32	35	36	37	38	39	40	41	42	43	44	45	46	47	48	49	50	51	53	54	55	56	57	58	59	61	62	65	68	69	71	72	73	74	75	76	77	78	79	80	82	85	86	87	89	90	91	92	93	94	95	98	99	102	103	104	105	107	108	109	110	111	112	114	115	116	117	118	119	120	121	122	125	127	128	130	131	132	133	134	136	137	138	139	140	141	143	144	145	146	150	151	152	153	154	155	156	157	158	159	160	161	162	163	165	167	168	169	170	171	173	174	175	176	177	178	179	182	185	187	188	190	191	193	194	195	196	198	199	200	202	203	204	205	206	207	208	209	210	211	212	214	215	216	217	218	219	220	221	222	223	224	226	227	228	229	235	236	237	238	240	241	242	245	247	248	249	251	252	253
233	Vernon.Fortesque	10	0;0	255	0;17	486;1	5	6	7	8	10	12	13	18	19	20	21	29	30	31	33	34	46	47	50	58	63	64	66	74	84	88	92	95	96	97	100	101	113	123	124	126	129	147	148	149	164	171	172	181	184	186	189	192	193	194	199	201	202	234	235	239	243	244	246	251
234	Waldo.Benjamin	10	0;0	255	0;24	465;1	5	6	7	8	10	12	13	18	19	20	21	29	30	31	33	34	46	47	50	58	63	64	66	74	84	88	92	95	96	97	100	101	113	123	124	126	129	147	148	149	164	171	172	181	184	186	189	192	193	194	199	201	202	233	235	239	243	244	246	251
235	Warren.Joseph	10	0;0	255	0;11	421;0	1	2	3	4	5	6	7	8	9	10	12	13	14	15	16	18	19	20	21	26	27	29	30	31	32	33	34	36	37	38	40	41	43	44	45	46	47	48	49	50	56	57	58	59	60	61	63	64	66	67	68	69	70	72	74	76	77	80	82	83	84	88	90	91	92	93	95	96	97	98	100	101	104	106	107	108	110	111	113	114	122	123	124	125	126	127	128	129	130	131	132	133	135	137	140	142	145	146	147	148	149	150	152	154	155	156	157	160	163	164	165	166	167	169	171	172	174	175	176	177	179	180	181	183	184	186	188	189	192	193	194	195	197	199	201	202	206	207	209	212	217	221	222	223	224	225	226	227	228	229	231	232	233	234	236	237	238	239	241	242	243	244	246	249	250	251	253
236	Webb.Joseph	10	0;255	0	0;349	405;4	12	14	15	26	32	36	37	40	41	48	56	61	69	72	80	82	90	91	93	98	107	110	122	125	127	128	132	137	145	146	152	155	157	163	165	167	176	179	188	195	199	206	212	217	228	232	235	237	238	242	249
237	Webster.Thomas	10	0;255	0	0;383	450;4	12	14	15	26	32	36	37	40	41	48	56	61	69	72	80	82	90	91	93	98	107	110	122	125	127	128	132	137	145	146	152	155	157	163	165	167	176	179	188	195	199	206	212	217	228	232	235	236	238	242	249
238	Welles.Henry	10	0;255	0	0;364	400;4	7	12	13	14	15	26	32	36	37	40	41	46	48	52	56	61	69	72	76	80	81	82	90	91	93	98	107	110	122	125	127	128	132	137	145	146	152	155	157	163	165	167	176	179	188	195	199	206	212	213	217	228	230	232	235	236	237	242	249
239	Wendell.Oliver	10	0;0	255	0;106	464;1	3	5	6	7	8	10	12	13	18	19	20	21	29	30	31	33	34	46	47	50	58	63	64	66	68	74	84	88	92	95	96	97	100	101	106	113	123	124	126	129	142	147	148	149	156	164	166	171	172	181	183	184	186	189	192	193	194	197	199	201	202	225	233	234	235	243	244	246	251	253
240	Wheeler.Josiah	10	0;255	255	0;18	315;10	11	13	17	22	23	24	25	28	35	39	42	46	51	53	54	55	57	58	59	62	65	71	73	74	75	78	79	85	86	87	89	92	94	99	102	103	105	109	112	115	116	117	118	119	120	121	134	136	138	139	141	143	144	151	153	156	158	159	161	162	168	170	173	176	178	182	185	187	190	191	193	196	198	199	200	203	204	205	208	210	211	214	215	216	218	219	220	223	224	232	245	247	248	252	253
241	White.Samuel	10	0;0	0	0;545	262;0	1	2	3	9	10	13	16	27	38	43	44	45	46	47	49	50	57	58	68	76	77	92	95	104	108	111	114	130	131	133	140	150	154	156	160	169	171	174	175	177	193	194	199	202	207	209	221	222	223	224	226	227	229	232	235	251	253
242	Whitten.John	10	0;255	0	0;371	398;4	12	14	15	26	32	36	37	40	41	48	56	61	69	72	80	82	90	91	93	98	107	110	122	125	127	128	132	137	145	146	152	155	157	163	165	167	176	179	188	195	199	206	212	217	228	232	235	236	237	238	249
243	Whitwell.Samuel	10	0;0	255	0;106	457;1	5	6	7	8	10	12	13	18	19	20	21	29	30	31	33	34	46	47	50	58	63	64	66	74	84	88	92	95	96	97	100	101	113	123	124	126	129	147	148	149	164	171	172	181	184	186	189	192	193	194	199	201	202	233	234	235	239	244	246	251
244	Whitwell.William	10	0;0	255	0;106	450;1	5	6	7	8	10	12	13	18	19	20	21	29	30	31	33	34	46	47	50	58	63	64	66	74	84	88	92	95	96	97	100	101	113	123	124	126	129	147	148	149	164	171	172	181	184	186	189	192	193	194	199	201	202	233	234	235	239	243	246	251
245	Williams.Jeremiah	10	0;255	255	0;15	313;10	11	13	17	22	23	24	25	28	35	39	42	46	51	53	54	55	57	58	59	62	65	71	73	74	75	78	79	85	86	87	89	92	94	99	102	103	105	109	112	115	116	117	118	119	120	121	134	136	138	139	141	143	144	151	153	156	158	159	161	162	168	170	173	176	178	182	185	187	190	191	193	196	198	199	200	203	204	205	208	210	211	214	215	216	218	219	220	223	224	232	240	247	248	252	253
246	Williams.Jonathan	10	0;0	255	0;107	443;1	5	6	7	8	10	12	13	18	19	20	21	29	30	31	33	34	46	47	50	58	63	64	66	74	84	88	92	95	96	97	100	101	113	123	124	126	129	147	148	149	164	171	172	181	184	186	189	192	193	194	199	201	202	233	234	235	239	243	244	251
247	Williams.Thomas	10	0;255	255	0;13	310;10	11	13	17	22	23	24	25	28	35	39	42	46	51	53	54	55	57	58	59	62	65	71	73	74	75	78	79	85	86	87	89	92	94	99	102	103	105	109	112	115	116	117	118	119	120	121	134	136	138	139	141	143	144	151	153	156	158	159	161	162	168	170	173	176	178	182	185	187	190	191	193	196	198	199	200	203	204	205	208	210	211	214	215	216	218	219	220	223	224	232	240	245	248	252	253
248	Willis.Nathaniel	10	0;255	255	0;10	307;10	11	13	17	22	23	24	25	28	35	39	42	46	51	53	54	55	57	58	59	62	65	71	73	74	75	78	79	85	86	87	89	92	94	99	102	103	105	109	112	115	116	117	118	119	120	121	134	136	138	139	141	143	144	151	153	156	158	159	161	162	168	170	173	176	178	182	185	187	190	191	193	196	198	199	200	203	204	205	208	210	211	214	215	216	218	219	220	223	224	232	240	245	247	252	253
249	Wingfield.William	10	0;255	0	0;379	398;4	12	14	15	26	32	36	37	40	41	48	56	61	69	72	80	82	90	91	93	98	107	110	122	125	127	128	132	137	145	146	152	155	157	163	165	167	176	179	188	195	199	206	212	217	228	232	235	236	237	238	242
250	Winslow.John	10	0;255	0	255;361	144;0	1	50	59	60	67	70	83	101	135	166	180	197	199	231	235
251	Winthrop.John	10	0;0	255	0;214	351;0	1	2	3	5	6	7	8	9	10	12	13	16	18	19	20	21	27	29	30	31	33	34	38	43	44	45	46	47	49	50	57	58	63	64	66	68	74	76	77	84	88	92	95	96	97	100	101	104	108	111	113	114	123	124	126	129	130	131	133	140	147	148	149	150	154	156	160	164	169	171	172	174	175	177	181	184	186	189	192	193	194	199	201	202	207	209	221	222	223	224	226	227	229	232	233	234	235	239	241	243	244	246	253
252	Wyeth.Joshua	10	0;255	255	0;8	303;10	11	13	17	22	23	24	25	28	35	39	42	46	51	53	54	55	57	58	59	62	65	71	73	74	75	78	79	85	86	87	89	92	94	99	102	103	105	109	112	115	116	117	118	119	120	121	134	136	138	139	141	143	144	151	153	156	158	159	161	162	168	170	173	176	178	182	185	187	190	191	193	196	198	199	200	203	204	205	208	210	211	214	215	216	218	219	220	223	224	232	240	245	247	248	253
253	Young.Thomas	10	0;255	255	0;6	300;0	1	2	3	9	10	11	13	16	17	19	21	22	23	24	25	27	28	35	38	39	42	43	44	45	46	47	49	50	51	53	54	55	57	58	59	62	63	65	68	71	73	74	75	76	77	78	79	85	86	87	89	92	94	95	96	99	102	103	104	105	106	108	109	111	112	114	115	116	117	118	119	120	121	130	131	133	134	136	138	139	140	141	142	143	144	150	151	153	154	156	158	159	160	161	162	166	168	169	170	171	173	174	175	176	177	178	182	183	185	187	189	190	191	193	194	196	197	198	199	200	202	203	204	205	207	208	209	210	211	214	215	216	218	219	220	221	222	223	224	225	226	227	229	232	235	239	240	241	245	247	248	251	252
